{
    "140008025368144": [
        [
            0.9999999999999999,
            0.0,
            0.0,
            0.0,
            0.0,
            0.9999999999999999,
            0.0,
            0.0,
            0.0,
            0.0,
            1.0,
            0.0,
            0.5939231012048832,
            0.3894592710667722,
            0.0,
            1.0
        ],
        [
            0.9997727059232833,
            0.021319861416910335,
            0.0,
            0.0,
            -0.021319861416910335,
            0.9997727059232833,
            0.0,
            0.0,
            0.0,
            0.0,
            1.0,
            0.0,
            0.6544306500826562,
            0.3013396782832418,
            0.0,
            1.0
        ],
        [
            0.9993417166182236,
            0.03627855325866941,
            0.0,
            0.0,
            -0.03627855325866941,
            0.9993417166182236,
            0.0,
            0.0,
            0.0,
            0.0,
            1.0,
            0.0,
            0.6972608535309472,
            0.2389119190374569,
            0.0,
            1.0
        ],
        [
            0.9987374815236745,
            0.05023388298497533,
            0.0,
            0.0,
            -0.05023388298497533,
            0.9987374815236745,
            0.0,
            0.0,
            0.0,
            0.0,
            1.0,
            0.0,
            0.7276365989874243,
            0.195033611748252,
            0.0,
            1.0
        ],
        [
            0.9980238133334869,
            0.06283683648374816,
            0.0,
            0.0,
            -0.06283683648374816,
            0.9980238133334869,
            0.0,
            0.0,
            0.0,
            0.0,
            1.0,
            0.0,
            0.7491788197088946,
            0.16423023656717795,
            0.0,
            1.0
        ],
        [
            0.997295979652504,
            0.07348965212158659,
            0.0,
            0.0,
            -0.07348965212158659,
            0.997295979652504,
            0.0,
            0.0,
            0.0,
            0.0,
            1.0,
            0.0,
            0.7644503738946978,
            0.14258790139206423,
            0.0,
            1.0
        ],
        [
            0.9966291696996158,
            0.08203839408383323,
            0.0,
            0.0,
            -0.08203839408383323,
            0.9966291696996158,
            0.0,
            0.0,
            0.0,
            0.0,
            1.0,
            0.0,
            0.7752727958310726,
            0.12736103261650827,
            0.0,
            1.0
        ],
        [
            0.9960627700143613,
            0.08865076531715604,
            0.0,
            0.0,
            -0.08865076531715604,
            0.9960627700143613,
            0.0,
            0.0,
            0.0,
            0.0,
            1.0,
            0.0,
            0.7829405067581315,
            0.1166327719481946,
            0.0,
            1.0
        ],
        [
            0.9956065790410237,
            0.09363514174832993,
            0.0,
            0.0,
            -0.09363514174832993,
            0.9956065790410237,
            0.0,
            0.0,
            0.0,
            0.0,
            1.0,
            0.0,
            0.7883723853357787,
            0.10906464281626069,
            0.0,
            1.0
        ],
        [
            0.9952526751458274,
            0.09732477903943126,
            0.0,
            0.0,
            -0.09732477903943126,
            0.9952526751458274,
            0.0,
            0.0,
            0.0,
            0.0,
            1.0,
            0.0,
            0.7922201194204361,
            0.10372032961411543,
            0.0,
            1.0
        ],
        [
            0.9949853062407821,
            0.10002119957757516,
            0.0,
            0.0,
            -0.10002119957757516,
            0.9949853062407821,
            0.0,
            0.0,
            0.0,
            0.0,
            1.0,
            0.0,
            0.7949456223149421,
            0.09994334837815647,
            0.0,
            1.0
        ],
        [
            0.9947870694528513,
            0.10197394985685238,
            0.0,
            0.0,
            -0.10197394985685238,
            0.9947870694528513,
            0.0,
            0.0,
            0.0,
            0.0,
            1.0,
            0.0,
            0.7968761823203603,
            0.09727240558640071,
            0.0,
            1.0
        ],
        [
            0.9946420317613514,
            0.10337905326346769,
            0.0,
            0.0,
            -0.10337905326346769,
            0.9946420317613514,
            0.0,
            0.0,
            0.0,
            0.0,
            1.0,
            0.0,
            0.7982436561133077,
            0.0953827447393622,
            0.0,
            1.0
        ],
        [
            0.9945369123479746,
            0.10438548738860631,
            0.0,
            0.0,
            -0.10438548738860631,
            0.9945369123479746,
            0.0,
            0.0,
            0.0,
            0.0,
            1.0,
            0.0,
            0.7992122802426154,
            0.09404537914259109,
            0.0,
            1.0
        ],
        [
            0.994461231992095,
            0.10510403448376654,
            0.0,
            0.0,
            -0.10510403448376654,
            0.994461231992095,
            0.0,
            0.0,
            0.0,
            0.0,
            1.0,
            0.0,
            0.799898389049075,
            0.09309865607915513,
            0.0,
            1.0
        ],
        [
            0.9944070036784565,
            0.10561586545228147,
            0.0,
            0.0,
            -0.10561586545228147,
            0.9944070036784565,
            0.0,
            0.0,
            0.0,
            0.0,
            1.0,
            0.0,
            0.8003843839598387,
            0.09242834853094575,
            0.0,
            1.0
        ],
        [
            0.9943682768702581,
            0.10597985635994023,
            0.0,
            0.0,
            -0.10597985635994023,
            0.9943682768702581,
            0.0,
            0.0,
            0.0,
            0.0,
            1.0,
            0.0,
            0.800728632103223,
            0.09195369047533117,
            0.0,
            1.0
        ],
        [
            0.9943406860361581,
            0.10623841157106251,
            0.0,
            0.0,
            -0.10623841157106251,
            0.9943406860361581,
            0.0,
            0.0,
            0.0,
            0.0,
            1.0,
            0.0,
            0.8009724762218058,
            0.09161754661350224,
            0.0,
            1.0
        ],
        [
            0.9943210621006514,
            0.1064219219100675,
            0.0,
            0.0,
            -0.1064219219100675,
            0.9943210621006514,
            0.0,
            0.0,
            0.0,
            0.0,
            1.0,
            0.0,
            0.801145200672944,
            0.09137947979430486,
            0.0,
            1.0
        ],
        [
            0.994307121253658,
            0.10655209347668038,
            0.0,
            0.0,
            -0.10655209347668038,
            0.994307121253658,
            0.0,
            0.0,
            0.0,
            0.0,
            1.0,
            0.0,
            0.8012675484736348,
            0.09121086580893686,
            0.0,
            1.0
        ],
        [
            0.9942972260623656,
            0.10664439152944372,
            0.0,
            0.0,
            -0.10664439152944372,
            0.9942972260623656,
            0.0,
            0.0,
            0.0,
            0.0,
            1.0,
            0.0,
            0.8013542122983973,
            0.09109143935996003,
            0.0,
            1.0
        ],
        [
            0.9942902066804314,
            0.10670981632157728,
            0.0,
            0.0,
            -0.10670981632157728,
            0.9942902066804314,
            0.0,
            0.0,
            0.0,
            0.0,
            1.0,
            0.0,
            0.8014155998044208,
            0.09100684942643616,
            0.0,
            1.0
        ],
        [
            0.9942852294266695,
            0.10675618269662462,
            0.0,
            0.0,
            -0.10675618269662462,
            0.9942852294266695,
            0.0,
            0.0,
            0.0,
            0.0,
            1.0,
            0.0,
            0.8014590831197366,
            0.0909469332670004,
            0.0,
            1.0
        ],
        [
            0.994281701251938,
            0.10678903761881048,
            0.0,
            0.0,
            -0.10678903761881048,
            0.994281701251938,
            0.0,
            0.0,
            0.0,
            0.0,
            1.0,
            0.0,
            0.8014898841776907,
            0.09090449328864622,
            0.0,
            1.0
        ],
        [
            0.99427920080713,
            0.1068123159674716,
            0.0,
            0.0,
            -0.1068123159674716,
            0.99427920080713,
            0.0,
            0.0,
            0.0,
            0.0,
            1.0,
            0.0,
            0.8015117018222571,
            0.09087443193696523,
            0.0,
            1.0
        ],
        [
            0.9942774289850951,
            0.10682880796297128,
            0.0,
            0.0,
            -0.10682880796297128,
            0.9942774289850951,
            0.0,
            0.0,
            0.0,
            0.0,
            1.0,
            0.0,
            0.8015271561989847,
            0.0908531384736713,
            0.0,
            1.0
        ],
        [
            0.9942761735840153,
            0.10684049158969977,
            0.0,
            0.0,
            -0.10684049158969977,
            0.9942761735840153,
            0.0,
            0.0,
            0.0,
            0.0,
            1.0,
            0.0,
            0.8015381033472518,
            0.09083805534148479,
            0.0,
            1.0
        ],
        [
            0.9942752842224556,
            0.10684876781861102,
            0.0,
            0.0,
            -0.10684876781861102,
            0.9942752842224556,
            0.0,
            0.0,
            0.0,
            0.0,
            1.0,
            0.0,
            0.8015458571879359,
            0.09082737207610012,
            0.0,
            1.0
        ],
        [
            0.9942746541636489,
            0.10685463063319334,
            0.0,
            0.0,
            -0.10685463063319334,
            0.9942746541636489,
            0.0,
            0.0,
            0.0,
            0.0,
            1.0,
            0.0,
            0.8015513495983013,
            0.0908198046580779,
            0.0,
            1.0
        ],
        [
            0.994274207792113,
            0.10685878400658672,
            0.0,
            0.0,
            -0.10685878400658672,
            0.994274207792113,
            0.0,
            0.0,
            0.0,
            0.0,
            1.0,
            0.0,
            0.8015552403955832,
            0.09081444394476484,
            0.0,
            1.0
        ]
    ],
    "140008067782992": [
        [
            0.1736481776669304,
            0.984807753012208,
            0.0,
            0.0,
            -0.984807753012208,
            0.1736481776669304,
            0.0,
            0.0,
            0.0,
            0.0,
            1.0,
            0.0,
            0.8893654271085456,
            0.337364817766693,
            0.0,
            1.0
        ],
        [
            -0.03107059789690919,
            0.9995171924215854,
            0.0,
            0.0,
            -0.9995171924215854,
            -0.03107059789690919,
            0.0,
            0.0,
            0.0,
            0.0,
            1.0,
            0.0,
            0.954285807809132,
            0.31066085765231455,
            0.0,
            1.0
        ],
        [
            -0.16434528942804916,
            0.986402871976157,
            0.0,
            0.0,
            -0.986402871976157,
            -0.16434528942804916,
            0.0,
            0.0,
            0.0,
            0.0,
            1.0,
            0.0,
            0.9931817151237943,
            0.28821550586587164,
            0.0,
            1.0
        ],
        [
            -0.25534618637539797,
            0.9668496910603738,
            0.0,
            0.0,
            -0.9668496910603738,
            -0.25534618637539797,
            0.0,
            0.0,
            0.0,
            0.0,
            1.0,
            0.0,
            1.0176915063055365,
            0.27163746766087143,
            0.0,
            1.0
        ],
        [
            -0.3189232805809332,
            0.9477805342501477,
            0.0,
            0.0,
            -0.9477805342501477,
            -0.3189232805809332,
            0.0,
            0.0,
            0.0,
            0.0,
            1.0,
            0.0,
            1.0335129799839389,
            0.25990722074145794,
            0.0,
            1.0
        ],
        [
            -0.3638792319163456,
            0.9314461361667514,
            0.0,
            0.0,
            -0.9314461361667514,
            -0.3638792319163456,
            0.0,
            0.0,
            0.0,
            0.0,
            1.0,
            0.0,
            1.0438842147447234,
            0.25175167096696793,
            0.0,
            1.0
        ],
        [
            -0.3958515845272251,
            0.9183145011526742,
            0.0,
            0.0,
            -0.9183145011526742,
            -0.3958515845272251,
            0.0,
            0.0,
            0.0,
            0.0,
            1.0,
            0.0,
            1.0507671461768748,
            0.24611650797467582,
            0.0,
            1.0
        ],
        [
            -0.4186374379324541,
            0.9081534537518152,
            0.0,
            0.0,
            -0.9081534537518152,
            -0.4186374379324541,
            0.0,
            0.0,
            0.0,
            0.0,
            1.0,
            0.0,
            1.0553865428836762,
            0.24222400332793084,
            0.0,
            1.0
        ],
        [
            -0.434878390204382,
            0.9004891924577691,
            0.0,
            0.0,
            -0.9004891924577691,
            -0.434878390204382,
            0.0,
            0.0,
            0.0,
            0.0,
            1.0,
            0.0,
            1.0585191430731096,
            0.2395281598775753,
            0.0,
            1.0
        ],
        [
            -0.44644573872619336,
            0.8948107075651383,
            0.0,
            0.0,
            -0.8948107075651383,
            -0.44644573872619336,
            0.0,
            0.0,
            0.0,
            0.0,
            1.0,
            0.0,
            1.0606633316899776,
            0.23765405123197345,
            0.0,
            1.0
        ],
        [
            -0.45467601917126743,
            0.8906569022864919,
            0.0,
            0.0,
            -0.8906569022864919,
            -0.45467601917126743,
            0.0,
            0.0,
            0.0,
            0.0,
            1.0,
            0.0,
            1.06214269300089,
            0.23634615412953672,
            0.0,
            1.0
        ],
        [
            -0.460526132231843,
            0.8876461465762013,
            0.0,
            0.0,
            -0.8876461465762013,
            -0.460526132231843,
            0.0,
            0.0,
            0.0,
            0.0,
            1.0,
            0.0,
            1.0631700262932207,
            0.23543024525595363,
            0.0,
            1.0
        ],
        [
            -0.46468087765977967,
            0.8854782221699962,
            0.0,
            0.0,
            -0.8854782221699962,
            -0.46468087765977967,
            0.0,
            0.0,
            0.0,
            0.0,
            1.0,
            0.0,
            1.0638871227643065,
            0.2347870080372961,
            0.0,
            1.0
        ],
        [
            -0.46762956772497755,
            0.8839245371576412,
            0.0,
            0.0,
            -0.8839245371576412,
            -0.46762956772497755,
            0.0,
            0.0,
            0.0,
            0.0,
            1.0,
            0.0,
            1.0643896413899079,
            0.23433424946008438,
            0.0,
            1.0
        ],
        [
            -0.4697212072070046,
            0.8828148092890119,
            0.0,
            0.0,
            -0.8828148092890119,
            -0.4697212072070046,
            0.0,
            0.0,
            0.0,
            0.0,
            1.0,
            0.0,
            1.0647428318357786,
            0.23401501824125653,
            0.0,
            1.0
        ],
        [
            -0.4712043228096378,
            0.8820240847989983,
            0.0,
            0.0,
            -0.8820240847989983,
            -0.4712043228096378,
            0.0,
            0.0,
            0.0,
            0.0,
            1.0,
            0.0,
            1.0649916093995384,
            0.23378964537383712,
            0.0,
            1.0
        ],
        [
            -0.4722556509657745,
            0.8814616271460106,
            0.0,
            0.0,
            -0.8814616271460106,
            -0.4722556509657745,
            0.0,
            0.0,
            0.0,
            0.0,
            1.0,
            0.0,
            1.0651671202470263,
            0.23363038576506354,
            0.0,
            1.0
        ],
        [
            -0.47300074309598744,
            0.8810620279132698,
            0.0,
            0.0,
            -0.8810620279132698,
            -0.47300074309598744,
            0.0,
            0.0,
            0.0,
            0.0,
            1.0,
            0.0,
            1.0652910845957868,
            0.2335177695422985,
            0.0,
            1.0
        ],
        [
            -0.47352872200940943,
            0.8807783770234913,
            0.0,
            0.0,
            -0.8807783770234913,
            -0.47352872200940943,
            0.0,
            0.0,
            0.0,
            0.0,
            1.0,
            0.0,
            1.0653787137799913,
            0.2334380963971277,
            0.0,
            1.0
        ],
        [
            -0.473902812495719,
            0.8805771540919328,
            0.0,
            0.0,
            -0.8805771540919328,
            -0.473902812495719,
            0.0,
            0.0,
            0.0,
            0.0,
            1.0,
            0.0,
            1.0654406947012147,
            0.2333817095576526,
            0.0,
            1.0
        ],
        [
            -0.4741678465947854,
            0.8804344684618294,
            0.0,
            0.0,
            -0.8804344684618294,
            -0.4741678465947854,
            0.0,
            0.0,
            0.0,
            0.0,
            1.0,
            0.0,
            1.065484552836946,
            0.23334179333839566,
            0.0,
            1.0
        ],
        [
            -0.4743556067174854,
            0.8803333223135916,
            0.0,
            0.0,
            -0.8803333223135916,
            -0.4743556067174854,
            0.0,
            0.0,
            0.0,
            0.0,
            1.0,
            0.0,
            1.0655155964984984,
            0.2333135314416818,
            0.0,
            1.0
        ],
        [
            -0.4744886178787945,
            0.8802616380960102,
            0.0,
            0.0,
            -0.8802616380960102,
            -0.4744886178787945,
            0.0,
            0.0,
            0.0,
            0.0,
            1.0,
            0.0,
            1.0655375745485398,
            0.23329351863063874,
            0.0,
            1.0
        ],
        [
            -0.4745828417803637,
            0.8802108419507648,
            0.0,
            0.0,
            -0.8802108419507648,
            -0.4745828417803637,
            0.0,
            0.0,
            0.0,
            0.0,
            1.0,
            0.0,
            1.0655531367629203,
            0.23327934582275536,
            0.0,
            1.0
        ],
        [
            -0.47464958765369536,
            0.880174851344991,
            0.0,
            0.0,
            -0.880174851344991,
            -0.47464958765369536,
            0.0,
            0.0,
            0.0,
            0.0,
            1.0,
            0.0,
            1.0655641572257544,
            0.23326930823307387,
            0.0,
            1.0
        ],
        [
            -0.4746968682738362,
            0.8801493528095174,
            0.0,
            0.0,
            -0.8801493528095174,
            -0.4746968682738362,
            0.0,
            0.0,
            0.0,
            0.0,
            1.0,
            0.0,
            1.06557196204184,
            0.23326219895582218,
            0.0,
            1.0
        ],
        [
            -0.47473036044578504,
            0.8801312884286154,
            0.0,
            0.0,
            -0.8801312884286154,
            -0.47473036044578504,
            0.0,
            0.0,
            0.0,
            0.0,
            1.0,
            0.0,
            1.0655774898758366,
            0.23325716347522032,
            0.0,
            1.0
        ],
        [
            -0.4747540832842666,
            0.880118492252558,
            0.0,
            0.0,
            -0.880118492252558,
            -0.4747540832842666,
            0.0,
            0.0,
            0.0,
            0.0,
            1.0,
            0.0,
            1.0655814048637033,
            0.23325359706138013,
            0.0,
            1.0
        ],
        [
            -0.47477088749192864,
            0.8801094275089469,
            0.0,
            0.0,
            -0.8801094275089469,
            -0.47477088749192864,
            0.0,
            0.0,
            0.0,
            0.0,
            1.0,
            0.0,
            1.0655841778509854,
            0.23325107090565653,
            0.0,
            1.0
        ],
        [
            -0.4747827916224391,
            0.8801030057778486,
            0.0,
            0.0,
            -0.8801030057778486,
            -0.4747827916224391,
            0.0,
            0.0,
            0.0,
            0.0,
            1.0,
            0.0,
            1.0655861421289379,
            0.2332492814314966,
            0.0,
            1.0
        ]
    ],
    "140008025369680": [
        [
            0.9999999999999999,
            0.0,
            0.0,
            0.0,
            0.0,
            0.9999999999999999,
            0.0,
            0.0,
            0.0,
            0.0,
            1.0,
            0.0,
            0.4939231012048832,
            0.3894592710667722,
            0.0,
            1.0
        ],
        [
            0.9997727059232833,
            0.021319861416910335,
            0.0,
            0.0,
            -0.021319861416910335,
            0.9997727059232833,
            0.0,
            0.0,
            0.0,
            0.0,
            1.0,
            0.0,
            0.5544533794903279,
            0.29920769214155074,
            0.0,
            1.0
        ],
        [
            0.9993417166182236,
            0.03627855325866941,
            0.0,
            0.0,
            -0.03627855325866941,
            0.9993417166182236,
            0.0,
            0.0,
            0.0,
            0.0,
            1.0,
            0.0,
            0.5973266818691249,
            0.23528406371158997,
            0.0,
            1.0
        ],
        [
            0.9987374815236745,
            0.05023388298497533,
            0.0,
            0.0,
            -0.05023388298497533,
            0.9987374815236745,
            0.0,
            0.0,
            0.0,
            0.0,
            1.0,
            0.0,
            0.6277628508350568,
            0.1900102234497545,
            0.0,
            1.0
        ],
        [
            0.9980238133334869,
            0.06283683648374816,
            0.0,
            0.0,
            -0.06283683648374816,
            0.9980238133334869,
            0.0,
            0.0,
            0.0,
            0.0,
            1.0,
            0.0,
            0.6493764383755458,
            0.15794655291880313,
            0.0,
            1.0
        ],
        [
            0.997295979652504,
            0.07348965212158659,
            0.0,
            0.0,
            -0.07348965212158659,
            0.997295979652504,
            0.0,
            0.0,
            0.0,
            0.0,
            1.0,
            0.0,
            0.6647207759294474,
            0.1352389361799056,
            0.0,
            1.0
        ],
        [
            0.9966291696996158,
            0.08203839408383323,
            0.0,
            0.0,
            -0.08203839408383323,
            0.9966291696996158,
            0.0,
            0.0,
            0.0,
            0.0,
            1.0,
            0.0,
            0.675609878861111,
            0.11915719320812496,
            0.0,
            1.0
        ],
        [
            0.9960627700143613,
            0.08865076531715604,
            0.0,
            0.0,
            -0.08865076531715604,
            0.9960627700143613,
            0.0,
            0.0,
            0.0,
            0.0,
            1.0,
            0.0,
            0.6833342297566953,
            0.107767695416479,
            0.0,
            1.0
        ],
        [
            0.9956065790410237,
            0.09363514174832993,
            0.0,
            0.0,
            -0.09363514174832993,
            0.9956065790410237,
            0.0,
            0.0,
            0.0,
            0.0,
            1.0,
            0.0,
            0.6888117274316764,
            0.09970112864142769,
            0.0,
            1.0
        ],
        [
            0.9952526751458274,
            0.09732477903943126,
            0.0,
            0.0,
            -0.09732477903943126,
            0.9952526751458274,
            0.0,
            0.0,
            0.0,
            0.0,
            1.0,
            0.0,
            0.6926948519058534,
            0.0939878517101723,
            0.0,
            1.0
        ],
        [
            0.9949853062407821,
            0.10002119957757516,
            0.0,
            0.0,
            -0.10002119957757516,
            0.9949853062407821,
            0.0,
            0.0,
            0.0,
            0.0,
            1.0,
            0.0,
            0.6954470916908639,
            0.08994122842039895,
            0.0,
            1.0
        ],
        [
            0.9947870694528513,
            0.10197394985685238,
            0.0,
            0.0,
            -0.10197394985685238,
            0.9947870694528513,
            0.0,
            0.0,
            0.0,
            0.0,
            1.0,
            0.0,
            0.6973974753750751,
            0.08707501060071547,
            0.0,
            1.0
        ],
        [
            0.9946420317613514,
            0.10337905326346769,
            0.0,
            0.0,
            -0.10337905326346769,
            0.9946420317613514,
            0.0,
            0.0,
            0.0,
            0.0,
            1.0,
            0.0,
            0.6987794529371726,
            0.08504483941301541,
            0.0,
            1.0
        ],
        [
            0.9945369123479746,
            0.10438548738860631,
            0.0,
            0.0,
            -0.10438548738860631,
            0.9945369123479746,
            0.0,
            0.0,
            0.0,
            0.0,
            1.0,
            0.0,
            0.699758589007818,
            0.08360683040373046,
            0.0,
            1.0
        ],
        [
            0.994461231992095,
            0.10510403448376654,
            0.0,
            0.0,
            -0.10510403448376654,
            0.994461231992095,
            0.0,
            0.0,
            0.0,
            0.0,
            1.0,
            0.0,
            0.7004522658498654,
            0.08258825263077847,
            0.0,
            1.0
        ],
        [
            0.9944070036784565,
            0.10561586545228147,
            0.0,
            0.0,
            -0.10561586545228147,
            0.9944070036784565,
            0.0,
            0.0,
            0.0,
            0.0,
            1.0,
            0.0,
            0.7009436835919931,
            0.0818667619857176,
            0.0,
            1.0
        ],
        [
            0.9943682768702581,
            0.10597985635994023,
            0.0,
            0.0,
            -0.10597985635994023,
            0.9943682768702581,
            0.0,
            0.0,
            0.0,
            0.0,
            1.0,
            0.0,
            0.7012918044161972,
            0.08135570483933714,
            0.0,
            1.0
        ],
        [
            0.9943406860361581,
            0.10623841157106251,
            0.0,
            0.0,
            -0.10623841157106251,
            0.9943406860361581,
            0.0,
            0.0,
            0.0,
            0.0,
            1.0,
            0.0,
            0.70153840761819,
            0.08099370545639599,
            0.0,
            1.0
        ],
        [
            0.9943210621006514,
            0.1064219219100675,
            0.0,
            0.0,
            -0.1064219219100675,
            0.9943210621006514,
            0.0,
            0.0,
            0.0,
            0.0,
            1.0,
            0.0,
            0.7017130944628789,
            0.08073728760329811,
            0.0,
            1.0
        ],
        [
            0.994307121253658,
            0.10655209347668038,
            0.0,
            0.0,
            -0.10655209347668038,
            0.994307121253658,
            0.0,
            0.0,
            0.0,
            0.0,
            1.0,
            0.0,
            0.701836836348269,
            0.08055565646126883,
            0.0,
            1.0
        ],
        [
            0.9942972260623656,
            0.10664439152944372,
            0.0,
            0.0,
            -0.10664439152944372,
            0.9942972260623656,
            0.0,
            0.0,
            0.0,
            0.0,
            1.0,
            0.0,
            0.7019244896921608,
            0.08042700020701565,
            0.0,
            1.0
        ],
        [
            0.9942902066804314,
            0.10670981632157728,
            0.0,
            0.0,
            -0.10670981632157728,
            0.9942902066804314,
            0.0,
            0.0,
            0.0,
            0.0,
            1.0,
            0.0,
            0.7019865791363776,
            0.08033586779427844,
            0.0,
            1.0
        ],
        [
            0.9942852294266695,
            0.10675618269662462,
            0.0,
            0.0,
            -0.10675618269662462,
            0.9942852294266695,
            0.0,
            0.0,
            0.0,
            0.0,
            1.0,
            0.0,
            0.7020305601770698,
            0.08027131499733792,
            0.0,
            1.0
        ],
        [
            0.994281701251938,
            0.10678903761881048,
            0.0,
            0.0,
            -0.10678903761881048,
            0.994281701251938,
            0.0,
            0.0,
            0.0,
            0.0,
            1.0,
            0.0,
            0.702061714052497,
            0.08022558952676517,
            0.0,
            1.0
        ],
        [
            0.99427920080713,
            0.1068123159674716,
            0.0,
            0.0,
            -0.1068123159674716,
            0.99427920080713,
            0.0,
            0.0,
            0.0,
            0.0,
            1.0,
            0.0,
            0.7020837817415441,
            0.08019320034021807,
            0.0,
            1.0
        ],
        [
            0.9942774289850951,
            0.10682880796297128,
            0.0,
            0.0,
            -0.10682880796297128,
            0.9942774289850951,
            0.0,
            0.0,
            0.0,
            0.0,
            1.0,
            0.0,
            0.7020994133004752,
            0.08017025767737417,
            0.0,
            1.0
        ],
        [
            0.9942761735840153,
            0.10684049158969977,
            0.0,
            0.0,
            -0.10684049158969977,
            0.9942761735840153,
            0.0,
            0.0,
            0.0,
            0.0,
            1.0,
            0.0,
            0.7021104859888503,
            0.08015400618251481,
            0.0,
            1.0
        ],
        [
            0.9942752842224556,
            0.10684876781861102,
            0.0,
            0.0,
            -0.10684876781861102,
            0.9942752842224556,
            0.0,
            0.0,
            0.0,
            0.0,
            1.0,
            0.0,
            0.7021183287656905,
            0.08014249529423902,
            0.0,
            1.0
        ],
        [
            0.9942746541636489,
            0.10685463063319334,
            0.0,
            0.0,
            -0.10685463063319334,
            0.9942746541636489,
            0.0,
            0.0,
            0.0,
            0.0,
            1.0,
            0.0,
            0.7021238841819364,
            0.08013434159475857,
            0.0,
            1.0
        ],
        [
            0.994274207792113,
            0.10685878400658672,
            0.0,
            0.0,
            -0.10685878400658672,
            0.994274207792113,
            0.0,
            0.0,
            0.0,
            0.0,
            1.0,
            0.0,
            0.7021278196163719,
            0.08012856554410618,
            0.0,
            1.0
        ]
    ],
    "140008024805264": [
        [
            0.17364817766693041,
            -0.984807753012208,
            0.0,
            0.0,
            0.984807753012208,
            0.17364817766693041,
            0.0,
            0.0,
            0.0,
            0.0,
            1.0,
            0.0,
            0.0984807753012208,
            0.337364817766693,
            0.0,
            1.0
        ],
        [
            -0.045453881497814735,
            -0.9989664382033976,
            0.0,
            0.0,
            0.9989664382033976,
            -0.045453881497814735,
            0.0,
            0.0,
            0.0,
            0.0,
            1.0,
            0.0,
            0.15478617743698023,
            0.3107118704492041,
            0.0,
            1.0
        ],
        [
            -0.17764142042516878,
            -0.9840952828610289,
            0.0,
            0.0,
            0.9840952828610289,
            -0.17764142042516878,
            0.0,
            0.0,
            0.0,
            0.0,
            1.0,
            0.0,
            0.20216392534899377,
            0.2849486345132737,
            0.0,
            1.0
        ],
        [
            -0.2554847022550809,
            -0.9668130982323484,
            0.0,
            0.0,
            0.9668130982323484,
            -0.2554847022550809,
            0.0,
            0.0,
            0.0,
            0.0,
            1.0,
            0.0,
            0.23784517321298487,
            0.2616322458277812,
            0.0,
            1.0
        ],
        [
            -0.30144570937245097,
            -0.9534833424349582,
            0.0,
            0.0,
            0.9534833424349582,
            -0.30144570937245097,
            0.0,
            0.0,
            0.0,
            0.0,
            1.0,
            0.0,
            0.26352905431170964,
            0.2420965820821636,
            0.0,
            1.0
        ],
        [
            -0.3289959328550445,
            -0.9443313381249396,
            0.0,
            0.0,
            0.9443313381249396,
            -0.3289959328550445,
            0.0,
            0.0,
            0.0,
            0.0,
            1.0,
            0.0,
            0.2816917765267152,
            0.22658875082426028,
            0.0,
            1.0
        ],
        [
            -0.34585004345400916,
            -0.938289799285306,
            0.0,
            0.0,
            0.938289799285306,
            -0.34585004345400916,
            0.0,
            0.0,
            0.0,
            0.0,
            1.0,
            0.0,
            0.2944600221055576,
            0.2147083668359444,
            0.0,
            1.0
        ],
        [
            -0.35639256391286844,
            -0.9343363101087381,
            0.0,
            0.0,
            0.9343363101087381,
            -0.35639256391286844,
            0.0,
            0.0,
            0.0,
            0.0,
            1.0,
            0.0,
            0.3034270597226377,
            0.20582038805862393,
            0.0,
            1.0
        ],
        [
            -0.36313458149989786,
            -0.9317366987077915,
            0.0,
            0.0,
            0.9317366987077915,
            -0.36313458149989786,
            0.0,
            0.0,
            0.0,
            0.0,
            1.0,
            0.0,
            0.30973005991523656,
            0.19927798891656406,
            0.0,
            1.0
        ],
        [
            -0.3675358088136782,
            -0.9300093705117576,
            0.0,
            0.0,
            0.9300093705117576,
            -0.3675358088136782,
            0.0,
            0.0,
            0.0,
            0.0,
            1.0,
            0.0,
            0.31416677323774345,
            0.1945161164503326,
            0.0,
            1.0
        ],
        [
            -0.3704614228787083,
            -0.9288478530731946,
            0.0,
            0.0,
            0.9288478530731946,
            -0.3704614228787083,
            0.0,
            0.0,
            0.0,
            0.0,
            1.0,
            0.0,
            0.31729420514482737,
            0.19107753532625393,
            0.0,
            1.0
        ],
        [
            -0.372435859022929,
            -0.928057935106345,
            0.0,
            0.0,
            0.928057935106345,
            -0.372435859022929,
            0.0,
            0.0,
            0.0,
            0.0,
            1.0,
            0.0,
            0.3195013878978865,
            0.18860837332190894,
            0.0,
            1.0
        ],
        [
            -0.3737847152789767,
            -0.9275154913120396,
            0.0,
            0.0,
            0.9275154913120396,
            -0.3737847152789767,
            0.0,
            0.0,
            0.0,
            0.0,
            1.0,
            0.0,
            0.3210606023674255,
            0.18684234867036167,
            0.0,
            1.0
        ],
        [
            -0.37471499829528937,
            -0.9271400487804209,
            0.0,
            0.0,
            0.9271400487804209,
            -0.37471499829528937,
            0.0,
            0.0,
            0.0,
            0.0,
