{
    "140008572179280": [
        [
            1.0,
            0.0,
            0.0,
            0.0,
            -0.0,
            1.0,
            0.0,
            0.0,
            0.0,
            0.0,
            1.0,
            0.0,
            0.0,
            0.0,
            0.0,
            1.0
        ],
        [
            0.9995138083729406,
            -0.031179269905190623,
            0.0,
            0.0,
            0.031179269905190623,
            0.9995138083729406,
            0.0,
            0.0,
            0.0,
            0.0,
            1.0,
            0.0,
            0.0,
            0.0,
            0.0,
            1.0
        ],
        [
            0.9956898067123325,
            -0.09274593688759585,
            0.0,
            0.0,
            0.09274593688759585,
            0.9956898067123325,
            0.0,
            0.0,
            0.0,
            0.0,
            1.0,
            0.0,
            0.0,
            0.0,
            0.0,
            1.0
        ],
        [
            0.9879658200575517,
            -0.1546723582221764,
            0.0,
            0.0,
            0.1546723582221764,
            0.9879658200575517,
            0.0,
            0.0,
            0.0,
            0.0,
            1.0,
            0.0,
            0.0,
            0.0,
            0.0,
            1.0
        ],
        [
            0.9783861509691318,
            -0.20678621712243578,
            0.0,
            0.0,
            0.20678621712243578,
            0.9783861509691318,
            0.0,
            0.0,
            0.0,
            0.0,
            1.0,
            0.0,
            0.0,
            0.0,
            0.0,
            1.0
        ],
        [
            0.9689382097317127,
            -0.2473029432131843,
            0.0,
            0.0,
            0.2473029432131843,
            0.9689382097317127,
            0.0,
            0.0,
            0.0,
            0.0,
            1.0,
            0.0,
            0.0,
            0.0,
            0.0,
            1.0
        ],
        [
            0.9607115940134846,
            -0.2775486139905395,
            0.0,
            0.0,
            0.2775486139905395,
            0.9607115940134846,
            0.0,
            0.0,
            0.0,
            0.0,
            1.0,
            0.0,
            0.0,
            0.0,
            0.0,
            1.0
        ],
        [
            0.9540549779445646,
            -0.2996316055745727,
            0.0,
            0.0,
            0.2996316055745727,
            0.9540549779445646,
            0.0,
            0.0,
            0.0,
            0.0,
            1.0,
            0.0,
            0.0,
            0.0,
            0.0,
            1.0
        ],
        [
            0.9489074435885624,
            -0.31555453332541306,
            0.0,
            0.0,
            0.31555453332541306,
            0.9489074435885624,
            0.0,
            0.0,
            0.0,
            0.0,
            1.0,
            0.0,
            0.0,
            0.0,
            0.0,
            1.0
        ],
        [
            0.9450403900043891,
            -0.3269536071988686,
            0.0,
            0.0,
            0.3269536071988686,
            0.9450403900043891,
            0.0,
            0.0,
            0.0,
            0.0,
            1.0,
            0.0,
            0.0,
            0.0,
            0.0,
            1.0
        ],
        [
            0.9421896530192898,
            -0.3350800766136212,
            0.0,
            0.0,
            0.3350800766136212,
            0.9421896530192898,
            0.0,
            0.0,
            0.0,
            0.0,
            1.0,
            0.0,
            0.0,
            0.0,
            0.0,
            1.0
        ],
        [
            0.9401143385479772,
            -0.34085925314783416,
            0.0,
            0.0,
            0.34085925314783416,
            0.9401143385479772,
            0.0,
            0.0,
            0.0,
            0.0,
            1.0,
            0.0,
            0.0,
            0.0,
            0.0,
            1.0
        ],
        [
            0.9386162433522941,
            -0.3449631106585558,
            0.0,
            0.0,
            0.3449631106585558,
            0.9386162433522941,
            0.0,
            0.0,
            0.0,
            0.0,
            1.0,
            0.0,
            0.0,
            0.0,
            0.0,
            1.0
        ],
        [
            0.9375410341952487,
            -0.34787470330580733,
            0.0,
            0.0,
            0.34787470330580733,
            0.9375410341952487,
            0.0,
            0.0,
            0.0,
            0.0,
            1.0,
            0.0,
            0.0,
            0.0,
            0.0,
            1.0
        ],
        [
            0.9367723881198361,
            -0.34993927024022214,
            0.0,
            0.0,
            0.34993927024022214,
            0.9367723881198361,
            0.0,
            0.0,
            0.0,
            0.0,
            1.0,
            0.0,
            0.0,
            0.0,
            0.0,
            1.0
        ],
        [
            0.936224403753667,
            -0.3514027117369625,
            0.0,
            0.0,
            0.3514027117369625,
            0.936224403753667,
            0.0,
            0.0,
            0.0,
            0.0,
            1.0,
            0.0,
            0.0,
            0.0,
            0.0,
            1.0
        ],
        [
            0.9358344803083503,
            -0.35243981821865694,
            0.0,
            0.0,
            0.35243981821865694,
            0.9358344803083503,
            0.0,
            0.0,
            0.0,
            0.0,
            1.0,
            0.0,
            0.0,
            0.0,
            0.0,
            1.0
        ],
        [
            0.9355573974467097,
            -0.3531746821089236,
            0.0,
            0.0,
            0.3531746821089236,
            0.9355573974467097,
            0.0,
            0.0,
            0.0,
            0.0,
            1.0,
            0.0,
            0.0,
            0.0,
            0.0,
            1.0
        ],
        [
            0.9353606848078274,
            -0.35369533403175135,
            0.0,
            0.0,
            0.35369533403175135,
            0.9353606848078274,
            0.0,
            0.0,
            0.0,
            0.0,
            1.0,
            0.0,
            0.0,
            0.0,
            0.0,
            1.0
        ],
        [
            0.9352211230779586,
            -0.3540641904355789,
            0.0,
            0.0,
            0.3540641904355789,
            0.9352211230779586,
            0.0,
            0.0,
            0.0,
            0.0,
            1.0,
            0.0,
            0.0,
            0.0,
            0.0,
            1.0
        ],
        [
            0.9351221543722266,
            -0.35432549499329813,
            0.0,
            0.0,
            0.35432549499329813,
            0.9351221543722266,
            0.0,
            0.0,
            0.0,
            0.0,
            1.0,
            0.0,
            0.0,
            0.0,
            0.0,
            1.0
        ],
        [
            0.9350519947257931,
            -0.3545106023228576,
            0.0,
            0.0,
            0.3545106023228576,
            0.9350519947257931,
            0.0,
            0.0,
            0.0,
            0.0,
            1.0,
            0.0,
            0.0,
            0.0,
            0.0,
            1.0
        ],
        [
            0.9350022697979578,
            -0.3546417283296863,
            0.0,
            0.0,
            0.3546417283296863,
            0.9350022697979578,
            0.0,
            0.0,
            0.0,
            0.0,
            1.0,
            0.0,
            0.0,
            0.0,
            0.0,
            1.0
        ],
        [
            0.9349670334299058,
            -0.3547346140416541,
            0.0,
            0.0,
            0.3547346140416541,
            0.9349670334299058,
            0.0,
            0.0,
            0.0,
            0.0,
            1.0,
            0.0,
            0.0,
            0.0,
            0.0,
            1.0
        ],
        [
            0.9349420670075672,
            -0.3548004105685584,
            0.0,
            0.0,
            0.3548004105685584,
            0.9349420670075672,
            0.0,
            0.0,
            0.0,
            0.0,
            1.0,
            0.0,
            0.0,
            0.0,
            0.0,
            1.0
        ],
        [
            0.9349243786930924,
            -0.3548470179180532,
            0.0,
            0.0,
            0.3548470179180532,
            0.9349243786930924,
            0.0,
            0.0,
            0.0,
            0.0,
            1.0,
            0.0,
            0.0,
            0.0,
            0.0,
            1.0
        ],
        [
            0.934911847343213,
            -0.3548800328241937,
            0.0,
            0.0,
            0.3548800328241937,
            0.934911847343213,
            0.0,
            0.0,
            0.0,
            0.0,
            1.0,
            0.0,
            0.0,
            0.0,
            0.0,
            1.0
        ],
        [
            0.9349029704574378,
            -0.35490341760802946,
            0.0,
            0.0,
            0.35490341760802946,
            0.9349029704574378,
            0.0,
            0.0,
            0.0,
            0.0,
            1.0,
            0.0,
            0.0,
            0.0,
            0.0,
            1.0
        ],
        [
            0.9348966823726116,
            -0.35491998152919507,
            0.0,
            0.0,
            0.35491998152919507,
            0.9348966823726116,
            0.0,
            0.0,
            0.0,
            0.0,
            1.0,
            0.0,
            0.0,
            0.0,
            0.0,
            1.0
        ],
        [
            0.9348922274963497,
            -0.35493171592140565,
            0.0,
            0.0,
            0.35493171592140565,
            0.9348922274963497,
            0.0,
            0.0,
            0.0,
            0.0,
            1.0,
            0.0,
            0.0,
            0.0,
            0.0,
            1.0
        ]
    ],
    "140008023433808": [
        [
            0.1736481776669304,
            0.984807753012208,
            0.0,
            0.0,
            -0.984807753012208,
            0.1736481776669304,
            0.0,
            0.0,
            0.0,
            0.0,
            1.0,
            0.0,
            1.165111597951964,
            0.43736481776669306,
            0.0,
            1.0
        ],
        [
            -0.02299517290013961,
            0.9997355760516341,
            0.0,
            0.0,
            -0.9997355760516341,
            -0.02299517290013961,
            0.0,
            0.0,
            0.0,
            0.0,
            1.0,
            0.0,
            1.192291212133986,
            0.40368326571954194,
            0.0,
            1.0
        ],
        [
            -0.1401744427510343,
            0.990126822987559,
            0.0,
            0.0,
            -0.990126822987559,
            -0.1401744427510343,
            0.0,
            0.0,
            0.0,
            0.0,
            1.0,
            0.0,
            1.2032191517323756,
            0.36885057901866025,
            0.0,
            1.0
        ],
        [
            -0.2133025701193471,
            0.9769861890428548,
            0.0,
            0.0,
            -0.9769861890428548,
            -0.2133025701193471,
            0.0,
            0.0,
            0.0,
            0.0,
            1.0,
            0.0,
            1.2084357305264741,
            0.3392654455450928,
            0.0,
            1.0
        ],
        [
            -0.25946128061321383,
            0.9657535109242684,
            0.0,
            0.0,
            -0.9657535109242684,
            -0.25946128061321383,
            0.0,
            0.0,
            0.0,
            0.0,
            1.0,
            0.0,
            1.2113882656444077,
            0.315505071225201,
            0.0,
            1.0
        ],
        [
            -0.28858499330364074,
            0.957454281749232,
            0.0,
            0.0,
            -0.957454281749232,
            -0.28858499330364074,
            0.0,
            0.0,
            0.0,
            0.0,
            1.0,
            0.0,
            1.2133609567907162,
            0.2969047102144195,
            0.0,
            1.0
        ],
        [
            -0.30689645248678055,
            0.9517429103760264,
            0.0,
            0.0,
            -0.9517429103760264,
            -0.30689645248678055,
            0.0,
            0.0,
            0.0,
            0.0,
            1.0,
            0.0,
            1.214835405343649,
            0.2825837584829006,
            0.0,
            1.0
        ],
        [
            -0.31838868831551215,
            0.947960253994189,
            0.0,
            0.0,
            -0.947960253994189,
            -0.31838868831551215,
            0.0,
            0.0,
            0.0,
            0.0,
            1.0,
            0.0,
            1.215990102286394,
            0.271709768092093,
            0.0,
            1.0
        ],
        [
            -0.32561839367957107,
            0.9455012753547907,
            0.0,
            0.0,
            -0.9455012753547907,
            -0.32561839367957107,
            0.0,
            0.0,
            0.0,
            0.0,
            1.0,
            0.0,
            1.2168985347948418,
            0.263557745009187,
            0.0,
            1.0
        ],
        [
            -0.33020003045498547,
            0.943910980912674,
            0.0,
            0.0,
            -0.943910980912674,
            -0.33020003045498547,
            0.0,
            0.0,
            0.0,
            0.0,
            1.0,
            0.0,
            1.2176035888673384,
            0.2575169595444941,
            0.0,
            1.0
        ],
        [
            -0.3331373016203761,
            0.9428783263333052,
            0.0,
            0.0,
            -0.9428783263333052,
            -0.3331373016203761,
            0.0,
            0.0,
            0.0,
            0.0,
            1.0,
            0.0,
            1.2181408968080827,
            0.2530858178936283,
            0.0,
            1.0
        ],
        [
            -0.3350473279194236,
            0.9422012991150321,
            0.0,
            0.0,
            -0.9422012991150321,
            -0.3350473279194236,
            0.0,
            0.0,
            0.0,
            0.0,
            1.0,
            0.0,
            1.2185433884013912,
            0.24986275216999057,
            0.0,
            1.0
        ],
        [
            -0.3363081877939161,
            0.9417519858342598,
            0.0,
            0.0,
            -0.9417519858342598,
            -0.3363081877939161,
            0.0,
            0.0,
            0.0,
            0.0,
            1.0,
            0.0,
            1.2188406200552677,
            0.2475341838265098,
            0.0,
            1.0
        ],
        [
            -0.3371525433598917,
            0.9414500318689019,
            0.0,
            0.0,
            -0.9414500318689019,
            -0.3371525433598917,
            0.0,
            0.0,
            0.0,
            0.0,
            1.0,
            0.0,
            1.2190576869256955,
            0.2458606404173036,
            0.0,
            1.0
        ],
        [
            -0.3377251906178698,
            0.9412447586160166,
            0.0,
            0.0,
            -0.9412447586160166,
            -0.3377251906178698,
            0.0,
            0.0,
            0.0,
            0.0,
            1.0,
            0.0,
            1.2192148847495112,
            0.24466260970136552,
            0.0,
            1.0
        ],
        [
            -0.3381176873082706,
            0.941103835678777,
            0.0,
            0.0,
            -0.941103835678777,
            -0.3381176873082706,
            0.0,
            0.0,
            0.0,
            0.0,
            1.0,
            0.0,
            1.2193280223526577,
            0.24380749473056,
            0.0,
            1.0
        ],
        [
            -0.33838898363800407,
            0.941006320782405,
            0.0,
            0.0,
            -0.941006320782405,
            -0.33838898363800407,
            0.0,
            0.0,
            0.0,
            0.0,
            1.0,
            0.0,
            1.2194090821570838,
            0.24319845218399716,
            0.0,
            1.0
        ],
        [
            -0.3385777311586913,
            0.9409384251710805,
            0.0,
            0.0,
            -0.9409384251710805,
            -0.3385777311586913,
            0.0,
            0.0,
            0.0,
            0.0,
            1.0,
            0.0,
            1.2194669697123248,
            0.24276534679887826,
            0.0,
            1.0
        ],
        [
            -0.33870969529969647,
            0.9408909300816894,
            0.0,
            0.0,
            -0.9408909300816894,
            -0.33870969529969647,
            0.0,
            0.0,
            0.0,
            0.0,
            1.0,
            0.0,
            1.2195082119670217,
            0.2424577006812386,
            0.0,
            1.0
        ],
        [
            -0.33880229274290774,
            0.94085759094145,
            0.0,
            0.0,
            -0.94085759094145,
            -0.33880229274290774,
            0.0,
            0.0,
            0.0,
            0.0,
            1.0,
            0.0,
            1.2195375465768468,
            0.2422393476067518,
            0.0,
            1.0
        ],
        [
            -0.3388674405898016,
            0.9408341286901305,
            0.0,
            0.0,
            -0.9408341286901305,
            -0.3388674405898016,
            0.0,
            0.0,
            0.0,
            0.0,
            1.0,
            0.0,
            1.2195583865376876,
            0.24208445990374022,
            0.0,
            1.0
        ],
        [
            -0.3389133647996084,
            0.9408175865491714,
            0.0,
            0.0,
            -0.9408175865491714,
            -0.3389133647996084,
            0.0,
            0.0,
            0.0,
            0.0,
            1.0,
            0.0,
            1.2195731790946605,
            0.24197463593559118,
            0.0,
            1.0
        ],
        [
            -0.338945782573047,
            0.9408059079724918,
            0.0,
            0.0,
            -0.9408059079724918,
            -0.338945782573047,
            0.0,
            0.0,
            0.0,
            0.0,
            1.0,
            0.0,
            1.2195836727494067,
            0.24189678763496977,
            0.0,
            1.0
        ],
        [
            -0.3389686891502809,
            0.9407976550649667,
            0.0,
            0.0,
            -0.9407976550649667,
            -0.3389686891502809,
            0.0,
            0.0,
            0.0,
            0.0,
            1.0,
            0.0,
            1.2195911136278499,
            0.24184161642087926,
            0.0,
            1.0
        ],
        [
            -0.3389848864864961,
            0.9407918190193498,
            0.0,
            0.0,
            -0.9407918190193498,
            -0.3389848864864961,
            0.0,
            0.0,
            0.0,
            0.0,
            1.0,
            0.0,
            1.2195963882234193,
            0.24180252234818606,
            0.0,
            1.0
        ],
        [
            -0.3389963455394681,
            0.9407876900294166,
            0.0,
            0.0,
            -0.9407876900294166,
            -0.3389963455394681,
            0.0,
            0.0,
            0.0,
            0.0,
            1.0,
            0.0,
            1.2196001264028011,
            0.2417748233173679,
            0.0,
            1.0
        ],
        [
            -0.33900445548759855,
            0.9407847677123375,
            0.0,
            0.0,
            -0.9407847677123375,
            -0.33900445548759855,
            0.0,
            0.0,
            0.0,
            0.0,
            1.0,
            0.0,
            1.2196027753328824,
            0.24175519909516466,
            0.0,
            1.0
        ],
        [
            -0.33901019616271794,
            0.9407826990850308,
            0.0,
            0.0,
            -0.9407826990850308,
            -0.33901019616271794,
            0.0,
            0.0,
            0.0,
            0.0,
            1.0,
            0.0,
            1.219604652084259,
            0.24174129740445718,
            0.0,
            1.0
        ],
        [
            -0.339014260542428,
            0.9407812344795523,
            0.0,
            0.0,
            -0.9407812344795523,
            -0.339014260542428,
            0.0,
            0.0,
            0.0,
            0.0,
            1.0,
            0.0,
            1.219605981673197,
            0.24173144971469268,
            0.0,
            1.0
        ],
        [
            -0.3390171390038841,
            0.94078019720954,
            0.0,
            0.0,
            -0.94078019720954,
            -0.3390171390038841,
            0.0,
            0.0,
            0.0,
            0.0,
            1.0,
            0.0,
            1.2196069237038212,
            0.24172447291087015,
            0.0,
            1.0
        ]
    ],
    "140008023436176": [
        [
            0.1736481776669304,
            0.984807753012208,
            0.0,
            0.0,
            -0.984807753012208,
            0.1736481776669304,
            0.0,
            0.0,
            0.0,
            0.0,
            1.0,
            0.0,
            0.9583019698194002,
            0.47383093507674845,
            0.0,
            1.0
        ],
        [
            -0.02299517290013961,
            0.9997355760516341,
            0.0,
            0.0,
            -0.9997355760516341,
            -0.02299517290013961,
            0.0,
            0.0,
            0.0,
            0.0,
            1.0,
            0.0,
            0.9823467411631428,
            0.3988542794105126,
            0.0,
            1.0
        ],
        [
            -0.1401744427510343,
            0.990126822987559,
            0.0,
            0.0,
            -0.990126822987559,
            -0.1401744427510343,
            0.0,
            0.0,
            0.0,
            0.0,
            1.0,
            0.0,
            0.9952925189049882,
            0.339413946040943,
            0.0,
            1.0
        ],
        [
            -0.2133025701193471,
            0.9769861890428548,
            0.0,
            0.0,
            -0.9769861890428548,
            -0.2133025701193471,
            0.0,
            0.0,
            0.0,
            0.0,
            1.0,
            0.0,
            1.0032686308274747,
            0.2944719058200299,
            0.0,
            1.0
        ],
        [
            -0.25946128061321383,
            0.9657535109242684,
            0.0,
            0.0,
            -0.9657535109242684,
            -0.25946128061321383,
            0.0,
            0.0,
            0.0,
            0.0,
            1.0,
            0.0,
            1.0085800283503115,
            0.26101820229642614,
            0.0,
            1.0
        ],
        [
            -0.28858499330364074,
            0.957454281749232,
            0.0,
            0.0,
            -0.957454281749232,
            -0.28858499330364074,
            0.0,
            0.0,
            0.0,
            0.0,
            1.0,
            0.0,
            1.0122955576233774,
            0.23630186162065495,
            0.0,
            1.0
        ],
        [
            -0.30689645248678055,
            0.9517429103760264,
            0.0,
            0.0,
            -0.9517429103760264,
            -0.30689645248678055,
            0.0,
            0.0,
            0.0,
            0.0,
            1.0,
            0.0,
            1.0149693941646833,
            0.21813550346067676,
            0.0,
            1.0
        ],
        [
            -0.31838868831551215,
            0.947960253994189,
            0.0,
            0.0,
            -0.947960253994189,
            -0.31838868831551215,
            0.0,
            0.0,
            0.0,
            0.0,
            1.0,
            0.0,
            1.0169184489476144,
            0.20484814354583547,
            0.0,
            1.0
        ],
        [
            -0.32561839367957107,
            0.9455012753547907,
            0.0,
            0.0,
            -0.9455012753547907,
            -0.32561839367957107,
            0.0,
            0.0,
            0.0,
            0.0,
            1.0,
            0.0,
            1.0183432669703356,
            0.19517788233647707,
            0.0,
            1.0
        ],
        [
            -0.33020003045498547,
            0.943910980912674,
            0.0,
            0.0,
            -0.943910980912674,
            -0.33020003045498547,
            0.0,
            0.0,
            0.0,
            0.0,
            1.0,
            0.0,
            1.019382282875677,
            0.18817495314894714,
            0.0,
            1.0
        ],
        [
            -0.3331373016203761,
            0.9428783263333052,
            0.0,
            0.0,
            -0.9428783263333052,
            -0.3331373016203761,
            0.0,
            0.0,
            0.0,
            0.0,
            1.0,
            0.0,
            1.0201364482780886,
            0.18312698455334925,
            0.0,
            1.0
        ],
        [
            -0.3350473279194236,
            0.9422012991150321,
            0.0,
            0.0,
            -0.9422012991150321,
            -0.3350473279194236,
            0.0,
            0.0,
            0.0,
            0.0,
            1.0,
            0.0,
            1.0206811155872344,
            0.17950281330691162,
            0.0,
            1.0
        ],
        [
            -0.3363081877939161,
            0.9417519858342598,
            0.0,
            0.0,
            -0.9417519858342598,
            -0.3363081877939161,
            0.0,
            0.0,
            0.0,
            0.0,
            1.0,
            0.0,
            1.0210727030300732,
            0.1769094643897874,
            0.0,
            1.0
        ],
        [
            -0.3371525433598917,
            0.9414500318689019,
            0.0,
            0.0,
            -0.9414500318689019,
            -0.3371525433598917,
            0.0,
            0.0,
            0.0,
            0.0,
            1.0,
            0.0,
            1.0213531802332263,
            0.17505860631172632,
            0.0,
            1.0
        ],
        [
            -0.3377251906178698,
            0.9412447586160166,
            0.0,
            0.0,
            -0.9412447586160166,
            -0.3377251906178698,
            0.0,
            0.0,
            0.0,
            0.0,
            1.0,
            0.0,
            1.0215534854401478,
            0.17374031967161285,
            0.0,
            1.0
        ],
        [
            -0.3381176873082706,
            0.941103835678777,
            0.0,
            0.0,
            -0.941103835678777,
            -0.3381176873082706,
            0.0,
            0.0,
            0.0,
            0.0,
            1.0,
            0.0,
            1.0216962168601145,
            0.17280278039582317,
            0.0,
            1.0
        ],
        [
            -0.33838898363800407,
            0.941006320782405,
            0.0,
            0.0,
            -0.941006320782405,
            -0.33838898363800407,
            0.0,
            0.0,
            0.0,
            0.0,
            1.0,
            0.0,
            1.0217977547927788,
            0.17213676562001629,
            0.0,
            1.0
        ],
        [
            -0.3385777311586913,
            0.9409384251710805,
            0.0,
            0.0,
            -0.9409384251710805,
            -0.3385777311586913,
            0.0,
            0.0,
            0.0,
            0.0,
            1.0,
            0.0,
            1.021869900426398,
            0.17166402325555308,
            0.0,
            1.0
        ],
        [
            -0.33870969529969647,
            0.9408909300816894,
            0.0,
            0.0,
            -0.9408909300816894,
            -0.33870969529969647,
            0.0,
            0.0,
            0.0,
            0.0,
            1.0,
            0.0,
            1.021921116649867,
            0.17132866466830232,
            0.0,
            1.0
        ],
        [
            -0.33880229274290774,
            0.94085759094145,
            0.0,
            0.0,
            -0.94085759094145,
            -0.33880229274290774,
            0.0,
            0.0,
            0.0,
            0.0,
            1.0,
            0.0,
            1.0219574524791422,
            0.17109086613074118,
            0.0,
            1.0
        ],
        [
            -0.3388674405898016,
            0.9408341286901305,
            0.0,
            0.0,
            -0.9408341286901305,
            -0.3388674405898016,
            0.0,
            0.0,
            0.0,
            0.0,
            1.0,
            0.0,
            1.0219832195127603,
            0.1709222973798819,
            0.0,
            1.0
        ],
        [
            -0.3389133647996084,
            0.9408175865491714,
            0.0,
            0.0,
            -0.9408175865491714,
            -0.3389133647996084,
            0.0,
            0.0,
            0.0,
            0.0,
            1.0,
            0.0,
            1.0220014859193345,
            0.17080282932767343,
            0.0,
            1.0
        ],
        [
            -0.338945782573047,
            0.9408059079724918,
            0.0,
            0.0,
            -0.9408059079724918,
            -0.338945782573047,
            0.0,
            0.0,
            0.0,
            0.0,
            1.0,
            0.0,
            1.0220144320751834,
            0.1707181732946299,
            0.0,
            1.0
        ],
        [
            -0.3389686891502809,
            0.9407976550649667,
            0.0,
            0.0,
            -0.9407976550649667,
            -0.3389686891502809,
            0.0,
            0.0,
            0.0,
            0.0,
            1.0,
            0.0,
            1.022023606064207,
            0.17065819169932026,
            0.0,
            1.0
        ],
        [
            -0.3389848864864961,
            0.9407918190193498,
            0.0,
            0.0,
            -0.9407918190193498,
            -0.3389848864864961,
            0.0,
            0.0,
            0.0,
            0.0,
            1.0,
            0.0,
            1.0220301062293555,
            0.17061569618602188,
            0.0,
            1.0
        ],
        [
            -0.3389963455394681,
            0.9407876900294166,
            0.0,
            0.0,
            -0.9407876900294166,
            -0.3389963455394681,
            0.0,
            0.0,
            0.0,
            0.0,
            1.0,
            0.0,
            1.0220347114966235,
            0.17058559075407959,
            0.0,
            1.0
        ],
        [
            -0.33900445548759855,
            0.9407847677123375,
            0.0,
            0.0,
            -0.9407847677123375,
            -0.33900445548759855,
            0.0,
            0.0,
            0.0,
            0.0,
            1.0,
            0.0,
            1.0220379741132914,
            0.17056426344276895,
            0.0,
            1.0
        ],
        [
            -0.33901019616271794,
            0.9407826990850308,
            0.0,
            0.0,
            -0.9407826990850308,
            -0.33901019616271794,
            0.0,
            0.0,
            0.0,
            0.0,
            1.0,
            0.0,
            1.0220402852764026,
            0.17054915621028643,
            0.0,
            1.0
        ],
        [
            -0.339014260542428,
            0.9407812344795523,
            0.0,
            0.0,
            -0.9407812344795523,
            -0.339014260542428,
            0.0,
            0.0,
            0.0,
            0.0,
            1.0,
            0.0,
            1.022041922432491,
            0.1705384550007828,
            0.0,
            1.0
        ],
        [
            -0.3390171390038841,
            0.94078019720954,
            0.0,
            0.0,
            -0.94078019720954,
            -0.3390171390038841,
            0.0,
            0.0,
            0.0,
            0.0,
            1.0,
            0.0,
            1.0220430822898177,
            0.1705308737200545,
            0.0,
            1.0
        ]
    ],
    "140008023435152": [
        [
            1.0,
            0.0,
            0.0,
            0.0,
            0.0,
            1.0,
            0.0,
            0.0,
            0.0,
            0.0,
            1.0,
            0.0,
            0.0,
            0.0,
            10.0,
            1.0
        ],
        [
            1.0,
            0.0,
            0.0,
            0.0,
            0.0,
            1.0,
            0.0,
            0.0,
            0.0,
            0.0,
            1.0,
            0.0,
            0.0,
            0.0,
            10.0,
            1.0
        ],
        [
            1.0,
            0.0,
            0.0,
            0.0,
            0.0,
            1.0,
            0.0,
            0.0,
            0.0,
            0.0,
            1.0,
            0.0,
            0.0,
            0.0,
            10.0,
            1.0
        ],
        [
            1.0,
            0.0,
            0.0,
            0.0,
            0.0,
            1.0,
            0.0,
            0.0,
            0.0,
            0.0,
            1.0,
            0.0,
            0.0,
            0.0,
            10.0,
            1.0
        ],
        [
            1.0,
            0.0,
            0.0,
            0.0,
            0.0,
            1.0,
            0.0,
            0.0,
            0.0,
            0.0,
            1.0,
            0.0,
            0.0,
            0.0,
            10.0,
            1.0
        ],
        [
            1.0,
            0.0,
            0.0,
            0.0,
            0.0,
            1.0,
            0.0,
            0.0,
            0.0,
            0.0,
            1.0,
            0.0,
            0.0,
            0.0,
            10.0,
            1.0
        ],
        [
            1.0,
            0.0,
            0.0,
            0.0,
            0.0,
            1.0,
            0.0,
            0.0,
            0.0,
            0.0,
            1.0,
            0.0,
            0.0,
            0.0,
            10.0,
            1.0
        ],
        [
            1.0,
            0.0,
            0.0,
            0.0,
            0.0,
            1.0,
            0.0,
            0.0,
            0.0,
            0.0,
            1.0,
            0.0,
            0.0,
            0.0,
            10.0,
            1.0
        ],
        [
            1.0,
            0.0,
            0.0,
            0.0,
            0.0,
            1.0,
            0.0,
            0.0,
            0.0,
            0.0,
            1.0,
            0.0,
            0.0,
            0.0,
            10.0,
            1.0
        ],
        [
            1.0,
            0.0,
            0.0,
            0.0,
            0.0,
            1.0,
            0.0,
            0.0,
            0.0,
            0.0,
            1.0,
            0.0,
            0.0,
            0.0,
            10.0,
            1.0
        ],
        [
            1.0,
            0.0,
            0.0,
            0.0,
            0.0,
            1.0,
            0.0,
            0.0,
            0.0,
            0.0,
            1.0,
            0.0,
            0.0,
            0.0,
            10.0,
            1.0
        ],
        [
            1.0,
            0.0,
            0.0,
            0.0,
            0.0,
            1.0,
            0.0,
            0.0,
            0.0,
            0.0,
            1.0,
            0.0,
            0.0,
            0.0,
            10.0,
            1.0
        ],
        [
            1.0,
            0.0,
            0.0,
            0.0,
            0.0,
            1.0,
            0.0,
            0.0,
            0.0,
            0.0,
            1.0,
            0.0,
            0.0,
            0.0,
            10.0,
            1.0
        ],
        [
            1.0,
            0.0,
            0.0,
            0.0,
            0.0,
            1.0,
            0.0,
            0.0,
            0.0,
            0.0,
            1.0,
            0.0,
            0.0,
            0.0,
            10.0,
            1.0
        ],
        [
            1.0,
            0.0,
            0.0,
            0.0,
            0.0,
            1.0,
            0.0,
            0.0,
            0.0,
            0.0,
            1.0,
            0.0,
            0.0,
            0.0,
            10.0,
            1.0
        ],
        [
            1.0,
            0.0,
            0.0,
            0.0,
            0.0,
            1.0,
            0.0,
            0.0,
            0.0,
            0.0,
            1.0,
            0.0,
            0.0,
            0.0,
            10.0,
            1.0
        ],
        [
            1.0,
            0.0,
            0.0,
            0.0,
            0.0,
            1.0,
            0.0,
            0.0,
            0.0,
            0.0,
            1.0,
            0.0,
            0.0,
            0.0,
            10.0,
            1.0
        ],
        [
            1.0,
            0.0,
            0.0,
            0.0,
            0.0,
            1.0,
            0.0,
            0.0,
            0.0,
            0.0,
            1.0,
            0.0,
            0.0,
            0.0,
            10.0,
            1.0
        ],
        [
            1.0,
            0.0,
            0.0,
            0.0,
            0.0,
            1.0,
            0.0,
            0.0,
            0.0,
            0.0,
            1.0,
            0.0,
            0.0,
            0.0,
            10.0,
            1.0
        ],
        [
            1.0,
            0.0,
            0.0,
            0.0,
            0.0,
            1.0,
            0.0,
            0.0,
            0.0,
            0.0,
            1.0,
            0.0,
            0.0,
            0.0,
            10.0,
            1.0
        ],
        [
            1.0,
            0.0,
            0.0,
            0.0,
            0.0,
            1.0,
            0.0,
            0.0,
            0.0,
            0.0,
            1.0,
            0.0,
            0.0,
            0.0,
            10.0,
            1.0
        ],
        [
            1.0,
            0.0,
