{
    "140373545580048": [
        [
            0.9999999999999999,
            0.0,
            0.0,
            0.0,
            0.0,
            0.9999999999999999,
            0.0,
            0.0,
            0.0,
            0.0,
            1.0,
            0.0,
            0.9839231012048832,
            0.48945927106677223,
            0.0,
            1.0
        ],
        [
            0.9996094309891608,
            -0.027946117396273784,
            0.0,
            0.0,
            0.027946117396273784,
            0.9996094309891608,
            0.0,
            0.0,
            0.0,
            0.0,
            1.0,
            0.0,
            0.9005558715589083,
            0.37004520682779674,
            0.0,
            1.0
        ],
        [
            0.9992454008466625,
            -0.03884107216327637,
            0.0,
            0.0,
            0.03884107216327637,
            0.9992454008466625,
            0.0,
            0.0,
            0.0,
            0.0,
            1.0,
            0.0,
            0.8416813236444936,
            0.2854608909669636,
            0.0,
            1.0
        ],
        [
            0.9990105591219567,
            -0.04447361872880845,
            0.0,
            0.0,
            0.04447361872880845,
            0.9990105591219567,
            0.0,
            0.0,
            0.0,
            0.0,
            1.0,
            0.0,
            0.8000196782590827,
            0.22554576883347255,
            0.0,
            1.0
        ],
        [
            0.998798071207607,
            -0.049014415756631124,
            0.0,
            0.0,
            0.049014415756631124,
            0.998798071207607,
            0.0,
            0.0,
            0.0,
            0.0,
            1.0,
            0.0,
            0.7704979468357376,
            0.18310626846028266,
            0.0,
            1.0
        ],
        [
            0.9985301588008172,
            -0.05419891110728092,
            0.0,
            0.0,
            0.05419891110728092,
            0.9985301588008172,
            0.0,
            0.0,
            0.0,
            0.0,
            1.0,
            0.0,
            0.7495470878437142,
            0.15304691442481322,
            0.0,
            1.0
        ],
        [
            0.9981785315120215,
            -0.06032925682042001,
            0.0,
            0.0,
            0.06032925682042001,
            0.9981785315120215,
            0.0,
            0.0,
            0.0,
            0.0,
            1.0,
            0.0,
            0.7346575471152377,
            0.13175783650363593,
            0.0,
            1.0
        ],
        [
            0.9977577555777251,
            -0.06692877695357069,
            0.0,
            0.0,
            0.06692877695357069,
            0.9977577555777251,
            0.0,
            0.0,
            0.0,
            0.0,
            1.0,
            0.0,
            0.7240655109784384,
            0.11668131268173618,
            0.0,
            1.0
        ],
        [
            0.9973080144423143,
            -0.07332615037712165,
            0.0,
            0.0,
            0.07332615037712165,
            0.9973080144423143,
            0.0,
            0.0,
            0.0,
            0.0,
            1.0,
            0.0,
            0.7165282701374687,
            0.10600500495516996,
            0.0,
            1.0
        ],
        [
            0.996873414870012,
            -0.07901515503623913,
            0.0,
            0.0,
            0.07901515503623913,
            0.996873414870012,
            0.0,
            0.0,
            0.0,
            0.0,
            1.0,
            0.0,
            0.7111661727864924,
            0.09844484138758876,
            0.0,
            1.0
        ],
        [
            0.996486277557576,
            -0.08375618567870119,
            0.0,
            0.0,
            0.08375618567870119,
            0.996486277557576,
            0.0,
            0.0,
            0.0,
            0.0,
            1.0,
            0.0,
            0.7073537461588422,
            0.093091243663275,
            0.0,
            1.0
        ],
        [
            0.9961623069037893,
            -0.08752518668429632,
            0.0,
            0.0,
            0.08752518668429632,
            0.9961623069037893,
            0.0,
            0.0,
            0.0,
            0.0,
            1.0,
            0.0,
            0.7046450277956813,
            0.08930005886723606,
            0.0,
            1.0
        ],
        [
            0.9959035281880593,
            -0.09042213524671794,
            0.0,
            0.0,
            0.09042213524671794,
            0.9959035281880593,
            0.0,
            0.0,
            0.0,
            0.0,
            1.0,
            0.0,
            0.7027217813880702,
            0.08661518665524519,
            0.0,
            1.0
        ],
        [
            0.9957037453379287,
            -0.0925961744351309,
            0.0,
            0.0,
            0.0925961744351309,
            0.9957037453379287,
            0.0,
            0.0,
            0.0,
            0.0,
            1.0,
            0.0,
            0.7013570252449884,
            0.08471370828721128,
            0.0,
            1.0
        ],
        [
            0.9955532620590597,
            -0.09420033122853266,
            0.0,
            0.0,
            0.09420033122853266,
            0.9955532620590597,
            0.0,
            0.0,
            0.0,
            0.0,
            1.0,
            0.0,
            0.7003890272457232,
            0.08336698994483274,
            0.0,
            1.0
        ],
        [
            0.9954419009832144,
            -0.09536992066120331,
            0.0,
            0.0,
            0.09536992066120331,
            0.9954419009832144,
            0.0,
            0.0,
            0.0,
            0.0,
            1.0,
            0.0,
            0.6997026874365001,
            0.08241314747514517,
            0.0,
            1.0
        ],
        [
            0.9953605271957011,
            -0.09621549199944884,
            0.0,
            0.0,
            0.09621549199944884,
            0.9953605271957011,
            0.0,
            0.0,
            0.0,
            0.0,
            1.0,
            0.0,
            0.6992161819536018,
            0.08173755020557462,
            0.0,
            1.0
        ],
        [
            0.9953015996269496,
            -0.09682316757902082,
            0.0,
            0.0,
            0.09682316757902082,
            0.9953015996269496,
            0.0,
            0.0,
            0.0,
            0.0,
            1.0,
            0.0,
            0.6988713943051721,
            0.08125902124346802,
            0.0,
            1.0
        ],
        [
            0.9952591993164552,
            -0.09725803913285741,
            0.0,
            0.0,
            0.09725803913285741,
            0.9952591993164552,
            0.0,
            0.0,
            0.0,
            0.0,
            1.0,
            0.0,
            0.6986270788795974,
            0.08092007246966236,
            0.0,
            1.0
        ],
        [
            0.995228829753352,
            -0.09756831672102079,
            0.0,
            0.0,
            0.09756831672102079,
            0.995228829753352,
            0.0,
            0.0,
            0.0,
            0.0,
            1.0,
            0.0,
            0.6984539749263519,
            0.08067998724303552,
            0.0,
            1.0
        ],
        [
            0.9952071475114566,
            -0.097789230194895,
            0.0,
            0.0,
            0.097789230194895,
            0.9952071475114566,
            0.0,
            0.0,
            0.0,
            0.0,
            1.0,
            0.0,
            0.6983313358043896,
            0.08050992835943788,
            0.0,
            1.0
        ],
        [
            0.9951917030721571,
            -0.09794628189134713,
            0.0,
            0.0,
            0.09794628189134713,
            0.9951917030721571,
            0.0,
            0.0,
            0.0,
            0.0,
            1.0,
            0.0,
            0.6982444537692032,
            0.08038947004904555,
            0.0,
            1.0
        ],
        [
            0.9951807197292785,
            -0.09805781498236305,
            0.0,
            0.0,
            0.09805781498236305,
            0.9951807197292785,
            0.0,
            0.0,
            0.0,
            0.0,
            1.0,
            0.0,
            0.6981829055774723,
            0.08030414491326308,
            0.0,
            1.0
        ],
        [
            0.9951729180506204,
            -0.09813696132759075,
            0.0,
            0.0,
            0.09813696132759075,
            0.9951729180506204,
            0.0,
            0.0,
            0.0,
            0.0,
            1.0,
            0.0,
            0.6981393067078326,
            0.0802437074265389,
            0.0,
            1.0
        ],
        [
            0.9951673807715202,
            -0.09819309674489418,
            0.0,
            0.0,
            0.09819309674489418,
            0.9951673807715202,
            0.0,
            0.0,
            0.0,
            0.0,
            1.0,
            0.0,
            0.6981084221006026,
            0.08020089692717507,
            0.0,
            1.0
        ],
        [
            0.9951634529052737,
            -0.09823289673858204,
            0.0,
            0.0,
            0.09823289673858204,
            0.9951634529052737,
            0.0,
            0.0,
            0.0,
            0.0,
            1.0,
            0.0,
            0.6980865440984028,
            0.0801705720363147,
            0.0,
            1.0
        ],
        [
            0.995160667863221,
            -0.09826110694485402,
            0.0,
            0.0,
            0.09826110694485402,
            0.995160667863221,
            0.0,
            0.0,
            0.0,
            0.0,
            1.0,
            0.0,
            0.6980710466614335,
            0.08014909174561424,
            0.0,
            1.0
        ],
        [
            0.9951586937752754,
            -0.09828109789520695,
            0.0,
            0.0,
            0.09828109789520695,
            0.9951586937752754,
            0.0,
            0.0,
            0.0,
            0.0,
            1.0,
            0.0,
            0.6980600693910868,
            0.08013387692879205,
            0.0,
            1.0
        ],
        [
            0.9951572945976405,
            -0.09829526442868425,
            0.0,
            0.0,
            0.09829526442868425,
            0.9951572945976405,
            0.0,
            0.0,
            0.0,
            0.0,
            1.0,
            0.0,
            0.6980522927551003,
            0.08012309844945975,
            0.0,
            1.0
        ],
        [
            0.9951563031722,
            -0.09830530126417425,
            0.0,
            0.0,
            0.09830530126417425,
            0.9951563031722,
            0.0,
            0.0,
            0.0,
            0.0,
            1.0,
            0.0,
            0.6980467843331786,
            0.08011546379504098,
            0.0,
            1.0
        ]
    ],
    "140373545567568": [
        [
            0.1736481776669304,
            0.984807753012208,
            0.0,
            0.0,
            -0.984807753012208,
            0.1736481776669304,
            0.0,
            0.0,
            0.0,
            0.0,
            1.0,
            0.0,
            1.2610365742772027,
            0.4564661173100554,
            0.0,
            1.0
        ],
        [
            -0.044673431211040754,
            0.9990016439144794,
            0.0,
            0.0,
            -0.9990016439144794,
            -0.044673431211040754,
            0.0,
            0.0,
            0.0,
            0.0,
            1.0,
            0.0,
            1.1803310326916838,
            0.37601800819222986,
            0.0,
            1.0
        ],
        [
            -0.1884474149718763,
            0.9820832814942008,
            0.0,
            0.0,
            -0.9820832814942008,
            -0.1884474149718763,
            0.0,
            0.0,
            0.0,
            0.0,
            1.0,
            0.0,
            1.1182092332045914,
            0.3177702033169252,
            0.0,
            1.0
        ],
        [
            -0.2893515858489387,
            0.9572228892826917,
            0.0,
            0.0,
            -0.9572228892826917,
            -0.2893515858489387,
            0.0,
            0.0,
            0.0,
            0.0,
            1.0,
            0.0,
            1.0718029775437703,
            0.27651994445917816,
            0.0,
            1.0
        ],
        [
            -0.3623438755139181,
            0.9320444817054356,
            0.0,
            0.0,
            -0.9320444817054356,
            -0.3623438755139181,
            0.0,
            0.0,
            0.0,
            0.0,
            1.0,
            0.0,
            1.037478224768455,
            0.2475403073898303,
            0.0,
            1.0
        ],
        [
            -0.4160619129063779,
            0.9093362879752932,
            0.0,
            0.0,
            -0.9093362879752932,
            -0.4160619129063779,
            0.0,
            0.0,
            0.0,
            0.0,
            1.0,
            0.0,
            1.0121886968510934,
            0.22722077587736975,
            0.0,
            1.0
        ],
        [
            -0.4559548843113703,
            0.8900028895866603,
            0.0,
            0.0,
            -0.8900028895866603,
            -0.4559548843113703,
            0.0,
            0.0,
            0.0,
            0.0,
            1.0,
            0.0,
            0.993594163972785,
            0.2129596314089585,
            0.0,
            1.0
        ],
        [
            -0.48564679770818797,
            0.8741551280383721,
            0.0,
            0.0,
            -0.8741551280383721,
            -0.48564679770818797,
            0.0,
            0.0,
            0.0,
            0.0,
            1.0,
            0.0,
            0.9799531833077244,
            0.20293061432047055,
            0.0,
            1.0
        ],
        [
            -0.5076747713354421,
            0.8615487952225959,
            0.0,
            0.0,
            -0.8615487952225959,
            -0.5076747713354421,
            0.0,
            0.0,
            0.0,
            0.0,
            1.0,
            0.0,
            0.9699802625295701,
            0.19586385797496303,
            0.0,
            1.0
        ],
        [
            -0.5239107989603348,
            0.8517731357190972,
            0.0,
            0.0,
            -0.8517731357190972,
            -0.5239107989603348,
            0.0,
            0.0,
            0.0,
            0.0,
            1.0,
            0.0,
            0.962721675911422,
            0.19087652923679085,
            0.0,
            1.0
        ],
        [
            -0.5357869483444876,
            0.8443532116263319,
            0.0,
            0.0,
            -0.8443532116263319,
            -0.5357869483444876,
            0.0,
            0.0,
            0.0,
            0.0,
            1.0,
            0.0,
            0.9574646213480271,
            0.18735270713764454,
            0.0,
            1.0
        ],
        [
            -0.5444113274816613,
            0.8388183990052053,
            0.0,
            0.0,
            -0.8388183990052053,
            -0.5444113274816613,
            0.0,
            0.0,
            0.0,
            0.0,
            1.0,
            0.0,
            0.9536751312280114,
            0.18486094428716507,
            0.0,
            1.0
        ],
        [
            -0.5506358603418444,
            0.8347455596201737,
            0.0,
            0.0,
            -0.8347455596201737,
            -0.5506358603418444,
            0.0,
            0.0,
            0.0,
            0.0,
            1.0,
            0.0,
            0.9509547552528286,
            0.18309800794799103,
            0.0,
            1.0
        ],
        [
            -0.5551063569688294,
            0.8317793772706766,
            0.0,
            0.0,
            -0.8317793772706766,
            -0.5551063569688294,
            0.0,
            0.0,
            0.0,
            0.0,
            1.0,
            0.0,
            0.9490084440068306,
            0.1818502604121271,
            0.0,
            1.0
        ],
        [
            -0.5583050708796753,
            0.8296357320113696,
            0.0,
            0.0,
            -0.8296357320113696,
            -0.5583050708796753,
            0.0,
            0.0,
            0.0,
            0.0,
            1.0,
            0.0,
            0.9476196099131988,
            0.18096692360140312,
            0.0,
            1.0
        ],
        [
            -0.5605874077963919,
            0.8280952591460247,
            0.0,
            0.0,
            -0.8280952591460247,
            -0.5605874077963919,
            0.0,
            0.0,
            0.0,
            0.0,
            1.0,
            0.0,
            0.9466305577627341,
            0.18034146209695134,
            0.0,
            1.0
        ],
        [
            -0.562212554969229,
            0.8269927708480721,
            0.0,
            0.0,
            -0.8269927708480721,
            -0.562212554969229,
            0.0,
            0.0,
            0.0,
            0.0,
            1.0,
            0.0,
            0.9459272558623486,
            0.17989854136977776,
            0.0,
            1.0
        ],
        [
            -0.5633680259360357,
            0.8262060683346099,
            0.0,
            0.0,
            -0.8262060683346099,
            -0.5633680259360357,
            0.0,
            0.0,
            0.0,
            0.0,
            1.0,
            0.0,
            0.9454276912551733,
            0.17958486108920296,
            0.0,
            1.0
        ],
        [
            -0.5641886787927213,
            0.8256458894236218,
            0.0,
            0.0,
            -0.8256458894236218,
            -0.5641886787927213,
            0.0,
            0.0,
            0.0,
            0.0,
            1.0,
            0.0,
            0.9450731258085667,
            0.17936269791832224,
            0.0,
            1.0
        ],
        [
            -0.5647710855471884,
            0.8252476118898198,
            0.0,
            0.0,
            -0.8252476118898198,
            -0.5647710855471884,
            0.0,
            0.0,
            0.0,
            0.0,
            1.0,
            0.0,
            0.9448216158632194,
            0.17920534499210944,
            0.0,
            1.0
        ],
        [
            -0.5651841849408418,
            0.824964749000075,
            0.0,
            0.0,
            -0.824964749000075,
            -0.5651841849408418,
            0.0,
            0.0,
            0.0,
            0.0,
            1.0,
            0.0,
            0.9446432813904349,
            0.17909389278065727,
            0.0,
            1.0
        ],
        [
            -0.5654770809888212,
            0.824764009202852,
            0.0,
            0.0,
            -0.824764009202852,
            -0.5654770809888212,
            0.0,
            0.0,
            0.0,
            0.0,
            1.0,
            0.0,
            0.9445168687942391,
            0.17901495006670035,
            0.0,
            1.0
        ],
        [
            -0.5656846931403788,
            0.8246216271397905,
            0.0,
            0.0,
            -0.8246216271397905,
            -0.5656846931403788,
            0.0,
            0.0,
            0.0,
            0.0,
            1.0,
            0.0,
            0.9444272795096676,
            0.1789590332615224,
            0.0,
            1.0
        ],
        [
            -0.5658318210889945,
            0.8245206790876213,
            0.0,
            0.0,
            -0.8245206790876213,
            -0.5658318210889945,
            0.0,
            0.0,
            0.0,
            0.0,
            1.0,
            0.0,
            0.9443637983590365,
            0.1789194269139647,
            0.0,
            1.0
        ],
        [
            -0.5659360742843352,
            0.8244491250669357,
            0.0,
            0.0,
            -0.8244491250669357,
            -0.5659360742843352,
            0.0,
            0.0,
            0.0,
            0.0,
            1.0,
            0.0,
            0.9443188201327573,
            0.1788913723341583,
            0.0,
            1.0
        ],
        [
            -0.5660099402875641,
            0.8243984155101634,
            0.0,
            0.0,
            -0.8243984155101634,
            -0.5660099402875641,
            0.0,
            0.0,
            0.0,
            0.0,
            1.0,
            0.0,
            0.9442869538068084,
            0.17887149998447952,
            0.0,
            1.0
        ],
        [
            -0.5660622715347191,
            0.8243624838291429,
            0.0,
            0.0,
            -0.8243624838291429,
            -0.5660622715347191,
            0.0,
            0.0,
            0.0,
            0.0,
            1.0,
            0.0,
            0.9442643786966606,
            0.17885742371217403,
            0.0,
            1.0
        ],
        [
            -0.56609934313554,
            0.8243370267684875,
            0.0,
            0.0,
            -0.8243370267684875,
            -0.56609934313554,
            0.0,
            0.0,
            0.0,
            0.0,
            1.0,
            0.0,
            0.9442483869168741,
            0.17884745331397603,
            0.0,
            1.0
        ],
        [
            -0.5661256076566181,
            0.8243189894424515,
            0.0,
            0.0,
            -0.8243189894424515,
            -0.5661256076566181,
            0.0,
            0.0,
            0.0,
            0.0,
            1.0,
            0.0,
            0.9442370572629538,
            0.17884039010563563,
            0.0,
            1.0
        ],
        [
            -0.5661442126065233,
            0.8243062116302048,
            0.0,
            0.0,
            -0.8243062116302048,
            -0.5661442126065233,
            0.0,
            0.0,
            0.0,
            0.0,
            1.0,
            0.0,
            0.9442290318284154,
            0.17883538707650473,
            0.0,
            1.0
        ]
    ],
    "140373545579792": [
        [
            0.9999999999999999,
            0.0,
            0.0,
            0.0,
            0.0,
            0.9999999999999999,
            0.0,
            0.0,
            0.0,
            0.0,
            1.0,
            0.0,
            0.8939231012048832,
            0.48945927106677223,
            0.0,
            1.0
        ],
        [
            0.9996094309891608,
            -0.027946117396273784,
            0.0,
            0.0,
            0.027946117396273784,
            0.9996094309891608,
            0.0,
            0.0,
            0.0,
            0.0,
            1.0,
            0.0,
            0.8105910227698838,
            0.3725603573934614,
            0.0,
            1.0
        ],
        [
            0.9992454008466625,
            -0.03884107216327637,
            0.0,
            0.0,
            0.03884107216327637,
            0.9992454008466625,
            0.0,
            0.0,
            0.0,
            0.0,
            1.0,
            0.0,
            0.7517492375682939,
            0.2889565874616584,
            0.0,
            1.0
        ],
        [
            0.9990105591219567,
            -0.04447361872880845,
            0.0,
            0.0,
            0.04447361872880845,
            0.9990105591219567,
            0.0,
            0.0,
            0.0,
            0.0,
            1.0,
            0.0,
            0.7101087279381066,
            0.2295483945190653,
            0.0,
            1.0
        ],
        [
            0.998798071207607,
            -0.049014415756631124,
            0.0,
            0.0,
            0.049014415756631124,
            0.998798071207607,
            0.0,
            0.0,
            0.0,
            0.0,
            1.0,
            0.0,
            0.6806061204270529,
            0.18751756587837945,
            0.0,
            1.0
        ],
        [
            0.9985301588008172,
            -0.05419891110728092,
            0.0,
            0.0,
            0.05419891110728092,
            0.9985301588008172,
            0.0,
            0.0,
            0.0,
            0.0,
            1.0,
            0.0,
            0.6596793735516406,
            0.1579248164244685,
            0.0,
            1.0
        ],
        [
            0.9981785315120215,
            -0.06032925682042001,
            0.0,
            0.0,
            0.06032925682042001,
            0.9981785315120215,
            0.0,
            0.0,
            0.0,
            0.0,
            1.0,
            0.0,
            0.6448214792791557,
            0.13718746961747372,
            0.0,
            1.0
        ],
        [
            0.9977577555777251,
            -0.06692877695357069,
            0.0,
            0.0,
            0.06692877695357069,
            0.9977577555777251,
            0.0,
            0.0,
            0.0,
            0.0,
            1.0,
            0.0,
            0.6342673129764431,
            0.12270490260755754,
            0.0,
            1.0
        ],
        [
            0.9973080144423143,
            -0.07332615037712165,
            0.0,
            0.0,
            0.07332615037712165,
            0.9973080144423143,
            0.0,
            0.0,
            0.0,
            0.0,
            1.0,
            0.0,
            0.6267705488376604,
            0.1126043584891109,
            0.0,
            1.0
        ],
        [
            0.996873414870012,
            -0.07901515503623913,
            0.0,
            0.0,
            0.07901515503623913,
            0.996873414870012,
            0.0,
            0.0,
            0.0,
            0.0,
            1.0,
            0.0,
            0.6214475654481914,
            0.10555620534085028,
            0.0,
            1.0
        ],
        [
            0.996486277557576,
            -0.08375618567870119,
            0.0,
            0.0,
            0.08375618567870119,
            0.996486277557576,
            0.0,
            0.0,
            0.0,
            0.0,
            1.0,
            0.0,
            0.6176699811786603,
            0.1006293003743581,
            0.0,
            1.0
        ],
        [
            0.9961623069037893,
            -0.08752518668429632,
            0.0,
            0.0,
            0.08752518668429632,
            0.9961623069037893,
            0.0,
            0.0,
            0.0,
            0.0,
            1.0,
            0.0,
            0.6149904201743402,
            0.09717732566882273,
            0.0,
            1.0
        ],
        [
            0.9959035281880593,
            -0.09042213524671794,
            0.0,
            0.0,
            0.09042213524671794,
            0.9959035281880593,
            0.0,
            0.0,
            0.0,
            0.0,
            1.0,
            0.0,
            0.6130904638511447,
            0.0947531788274498,
            0.0,
            1.0
        ],
        [
            0.9957037453379287,
            -0.0925961744351309,
            0.0,
            0.0,
            0.0925961744351309,
            0.9957037453379287,
            0.0,
            0.0,
            0.0,
            0.0,
            1.0,
            0.0,
            0.6117436881645749,
            0.09304736398637306,
            0.0,
            1.0
        ],
        [
            0.9955532620590597,
            -0.09420033122853266,
            0.0,
            0.0,
            0.09420033122853266,
            0.9955532620590597,
            0.0,
            0.0,
            0.0,
            0.0,
            1.0,
            0.0,
            0.6107892336604079,
            0.09184501975540069,
            0.0,
            1.0
        ],
        [
            0.9954419009832144,
            -0.09536992066120331,
            0.0,
            0.0,
            0.09536992066120331,
            0.9954419009832144,
            0.0,
            0.0,
            0.0,
            0.0,
            1.0,
            0.0,
            0.6101129163480108,
            0.09099644033465346,
            0.0,
            1.0
        ],
        [
            0.9953605271957011,
            -0.09621549199944884,
            0.0,
            0.0,
            0.09621549199944884,
            0.9953605271957011,
            0.0,
            0.0,
            0.0,
            0.0,
            1.0,
            0.0,
            0.6096337345059888,
            0.09039694448552502,
            0.0,
            1.0
        ],
        [
            0.9953015996269496,
            -0.09682316757902082,
            0.0,
            0.0,
            0.09682316757902082,
            0.9953015996269496,
            0.0,
            0.0,
            0.0,
            0.0,
            1.0,
            0.0,
            0.6092942503387466,
            0.0899731063255799,
            0.0,
            1.0
        ],
        [
            0.9952591993164552,
            -0.09725803913285741,
            0.0,
            0.0,
            0.09725803913285741,
            0.9952591993164552,
            0.0,
            0.0,
            0.0,
            0.0,
            1.0,
            0.0,
            0.6090537509411165,
            0.08967329599161952,
            0.0,
            1.0
        ],
        [
            0.995228829753352,
            -0.09756831672102079,
            0.0,
            0.0,
            0.09756831672102079,
            0.995228829753352,
            0.0,
            0.0,
            0.0,
            0.0,
            1.0,
            0.0,
            0.6088833802485503,
            0.08946113574792738,
            0.0,
            1.0
        ],
        [
            0.9952071475114566,
            -0.097789230194895,
            0.0,
            0.0,
            0.097789230194895,
            0.9952071475114566,
            0.0,
            0.0,
            0.0,
            0.0,
            1.0,
            0.0,
            0.6087626925283585,
            0.08931095907697842,
            0.0,
            1.0
        ],
        [
            0.9951917030721571,
            -0.09794628189134713,
            0.0,
            0.0,
            0.09794628189134713,
            0.9951917030721571,
            0.0,
            0.0,
            0.0,
            0.0,
            1.0,
            0.0,
            0.608677200492709,
            0.08920463541926679,
            0.0,
            1.0
        ],
        [
            0.9951807197292785,
            -0.09805781498236305,
            0.0,
            0.0,
            0.09805781498236305,
            0.9951807197292785,
            0.0,
            0.0,
            0.0,
            0.0,
            1.0,
            0.0,
            0.6086166408018373,
            0.08912934826167576,
            0.0,
            1.0
        ],
        [
            0.9951729180506204,
            -0.09813696132759075,
            0.0,
            0.0,
            0.09813696132759075,
            0.9951729180506204,
            0.0,
            0.0,
            0.0,
            0.0,
            1.0,
            0.0,
            0.6085737440832768,
            0.08907603394602207,
            0.0,
            1.0
        ],
        [
            0.9951673807715202,
            -0.09819309674489418,
            0.0,
            0.0,
            0.09819309674489418,
            0.9951673807715202,
            0.0,
            0.0,
            0.0,
            0.0,
            1.0,
            0.0,
            0.6085433578311659,
            0.08903827563421554,
            0.0,
            1.0
        ],
        [
            0.9951634529052737,
            -0.09823289673858204,
            0.0,
            0.0,
            0.09823289673858204,
            0.9951634529052737,
            0.0,
            0.0,
            0.0,
            0.0,
            1.0,
            0.0,
            0.6085218333369281,
            0.08901153274278709,
            0.0,
            1.0
        ],
        [
            0.995160667863221,
            -0.09826110694485402,
            0.0,
            0.0,
            0.09826110694485402,
            0.995160667863221,
            0.0,
            0.0,
            0.0,
            0.0,
            1.0,
            0.0,
            0.6085065865537436,
            0.0889925913706511,
            0.0,
            1.0
        ],
        [
            0.9951586937752754,
            -0.09828109789520695,
            0.0,
            0.0,
            0.09828109789520695,
            0.9951586937752754,
            0.0,
            0.0,
            0.0,
            0.0,
            1.0,
            0.0,
            0.6084957869513119,
            0.08897917573936068,
            0.0,
            1.0
        ],
        [
            0.9951572945976405,
            -0.09829526442868425,
            0.0,
            0.0,
            0.09829526442868425,
            0.9951572945976405,
            0.0,
            0.0,
            0.0,
            0.0,
            1.0,
            0.0,
            0.6084881362413127,
            0.08896967224804134,
            0.0,
            1.0
        ],
        [
            0.9951563031722,
            -0.09830530126417425,
            0.0,
            0.0,
            0.09830530126417425,
            0.9951563031722,
            0.0,
            0.0,
            0.0,
            0.0,
            1.0,
            0.0,
            0.6084827170476805,
            0.08896294090881665,
            0.0,
            1.0
        ]
    ],
    "140373545579536": [
        [
            0.17364817766693041,
            -0.984807753012208,
            0.0,
            0.0,
            0.984807753012208,
            0.17364817766693041,
            0.0,
            0.0,
            0.0,
            0.0,
            1.0,
            0.0,
            0.6969615506024416,
            0.4547296355333861,
            0.0,
            1.0
        ],
        [
            -0.0878528239437692,
            -0.9961334656184908,
            0.0,
            0.0,
            0.9961334656184908,
            -0.0878528239437692,
            0.0,
            0.0,
            0.0,
            0.0,
            1.0,
            0.0,
            0.6113643296461857,
            0.39013092218221523,
            0.0,
            1.0
        ],
        [
            -0.25260760679857963,
            -0.9675688073659126,
            0.0,
            0.0,
            0.9675688073659126,
            -0.25260760679857963,
            0.0,
            0.0,
            0.0,
            0.0,
            1.0,
            0.0,
            0.5582354760951114,
            0.3394781088213744,
            0.0,
            1.0
        ],
        [
            -0.36578793690519984,
            -0.9306982245683277,
            0.0,
            0.0,
            0.9306982245683277,
            -0.36578793690519984,
            0.0,
            0.0,
            0.0,
            0.0,
            1.0,
            0.0,
            0.523969083024441,
            0.3027059819001053,
            0.0,
            1.0
        ],
        [
            -0.4475093979644347,
            -0.89427922861571,
            0.0,
            0.0,
            0.89427922861571,
            -0.4475093979644347,
            0.0,
            0.0,
            0.0,
            0.0,
            1.0,
            0.0,
            0.5017502747039109,
            0.2770194454712664,
            0.0,
            1.0
        ],
        [
            -0.5083231721967407,
            -0.8611663907792981,
            0.0,
            0.0,
            0.8611663907792981,
            -0.5083231721967407,
            0.0,
            0.0,
            0.0,
            0.0,
            1.0,
            0.0,
            0.487446095395781,
            0.2595894508638167,
            0.0,
            1.0
        ],
        [
            -0.5541439320363963,
            -0.832420868663948,
            0.0,
            0.0,
            0.832420868663948,
            -0.5541439320363963,
            0.0,
            0.0,
            0.0,
            0.0,
            1.0,
            0.0,
            0.4783373055463661,
            0.248016256024753,
            0.0,
            1.0
        ],
        [
            -0.5886152641206749,
            -0.8084133044700268,
            0.0,
            0.0,
            0.8084133044700268,
            -0.5886152641206749,
            0.0,
            0.0,
            0.0,
            0.0,
            1.0,
            0.0,
            0.4725846520824377,
            0.2404279554316925,
            0.0,
            1.0
        ],
        [
            -0.6143112500709315,
            -0.7890638047941937,
            0.0,
            0.0,
            0.7890638047941937,
            -0.6143112500709315,
            0.0,
            0.0,
            0.0,
            0.0,
            1.0,
            0.0,
            0.4689577878788216,
            0.2354666085032972,
            0.0,
            1.0
        ],
        [
            -0.6332506790331047,
            -0.7739467536621053,
            0.0,
            0.0,
            0.7739467536621053,
            -0.6332506790331047,
            0.0,
            0.0,
            0.0,
            0.0,
            1.0,
            0.0,
            0.4666582147157703,
            0.23220634114747124,
            0.0,
            1.0
        ],
        [
            -0.6470671837608324,
            -0.7624329870223514,
            0.0,
            0.0,
            0.7624329870223514,
            -0.6470671837608324,
            0.0,
            0.0,
            0.0,
            0.0,
            1.0,
            0.0,
            0.46518338377419,
            0.2300427371265246,
            0.0,
            1.0
        ],
        [
            -0.6570640242447123,
            -0.753834775029213,
            0.0,
            0.0,
            0.753834775029213,
            -0.6570640242447123,
            0.0,
            0.0,
            0.0,
            0.0,
            1.0,
            0.0,
            0.46422346516849766,
            0.2285901305177652,
            0.0,
            1.0
        ],
        [
            -0.6642529574976557,
            -0.747507865146326,
            0.0,
            0.0,
            0.747507865146326,
            -0.6642529574976557,
            0.0,
            0.0,
            0.0,
            0.0,
            1.0,
            0.0,
            0.4635888908218796,
            0.22760377032698093,
            0.0,
            1.0
        ],
        [
            -0.6693998364060653,
            -0.7429023213179059,
            0.0,
            0.0,
            0.7429023213179059,
            -0.6693998364060653,
            0.0,
            0.0,
            0.0,
            0.0,
            1.0,
            0.0,
