{
    "139976772221968": [
        [
            0.9999999999999999,
            0.0,
            0.0,
            0.0,
            0.0,
            0.9999999999999999,
            0.0,
            0.0,
            0.0,
            0.0,
            1.0,
            0.0,
            0.8317961866265924,
            0.5637700159401424,
            0.0,
            1.0
        ],
        [
            0.9999594693125367,
            0.00900331784345923,
            0.0,
            0.0,
            -0.00900331784345923,
            0.9999594693125367,
            0.0,
            0.0,
            0.0,
            0.0,
            1.0,
            0.0,
            0.8518366872865786,
            0.45071346332067364,
            0.0,
            1.0
        ],
        [
            0.9999952665091009,
            0.0030768424386276305,
            0.0,
            0.0,
            -0.0030768424386276305,
            0.9999952665091009,
            0.0,
            0.0,
            0.0,
            0.0,
            1.0,
            0.0,
            0.8673910650255021,
            0.3681106510199341,
            0.0,
            1.0
        ],
        [
            0.9999797785937006,
            -0.006359434227497823,
            0.0,
            0.0,
            0.006359434227497823,
            0.9999797785937006,
            0.0,
            0.0,
            0.0,
            0.0,
            1.0,
            0.0,
            0.8789995125409423,
            0.30846178573473176,
            0.0,
            1.0
        ],
        [
            0.999870863247272,
            -0.016070371157975133,
            0.0,
            0.0,
            0.016070371157975133,
            0.999870863247272,
            0.0,
            0.0,
            0.0,
            0.0,
            1.0,
            0.0,
            0.887505829268175,
            0.26552824632060196,
            0.0,
            1.0
        ],
        [
            0.9996885860276883,
            -0.024954578056170046,
            0.0,
            0.0,
            0.024954578056170046,
            0.9996885860276883,
            0.0,
            0.0,
            0.0,
            0.0,
            1.0,
            0.0,
            0.8936770293710792,
            0.23466416240995658,
            0.0,
            1.0
        ],
        [
            0.9994676396074953,
            -0.03262571650434437,
            0.0,
            0.0,
            0.03262571650434437,
            0.9994676396074953,
            0.0,
            0.0,
            0.0,
            0.0,
            1.0,
            0.0,
            0.8981276048030151,
            0.21249514595988325,
            0.0,
            1.0
        ],
        [
            0.9992397410340532,
            -0.03898640709527304,
            0.0,
            0.0,
            0.03898640709527304,
            0.9992397410340532,
            0.0,
            0.0,
            0.0,
            0.0,
            1.0,
            0.0,
            0.901324495428348,
            0.1965886685379644,
            0.0,
            1.0
        ],
        [
            0.9990276445276017,
            -0.04408815566148794,
            0.0,
            0.0,
            0.04408815566148794,
            0.9990276445276017,
            0.0,
            0.0,
            0.0,
            0.0,
            1.0,
            0.0,
            0.9036139230900552,
            0.1851922364819993,
            0.0,
            1.0
        ],
        [
            0.9988441075736036,
            -0.048067127701695994,
            0.0,
            0.0,
            0.048067127701695994,
            0.9988441075736036,
            0.0,
            0.0,
            0.0,
            0.0,
            1.0,
            0.0,
            0.9052494799241677,
            0.1770411721502306,
            0.0,
            1.0
        ],
        [
            0.9986935668869366,
            -0.051099505463832406,
            0.0,
            0.0,
            0.051099505463832406,
            0.9986935668869366,
            0.0,
            0.0,
            0.0,
            0.0,
            1.0,
            0.0,
            0.9064155810618656,
            0.17122171164688887,
            0.0,
            1.0
        ],
        [
            0.9985749053968643,
            -0.05336813948081259,
            0.0,
            0.0,
            0.05336813948081259,
            0.9985749053968643,
            0.0,
            0.0,
            0.0,
            0.0,
            1.0,
            0.0,
            0.9072456385053042,
            0.16707384779582696,
            0.0,
            1.0
        ],
        [
            0.9984840856282164,
            -0.05504117319956314,
            0.0,
            0.0,
            0.05504117319956314,
            0.9984840856282164,
            0.0,
            0.0,
            0.0,
            0.0,
            1.0,
            0.0,
            0.9078357462934348,
            0.16412170986615107,
            0.0,
            1.0
        ],
        [
            0.9984160621069746,
            -0.056261593710113134,
            0.0,
            0.0,
            0.056261593710113134,
            0.9984160621069746,
            0.0,
            0.0,
            0.0,
            0.0,
            1.0,
            0.0,
            0.9082548605536456,
            0.16202309321686292,
            0.0,
            1.0
        ],
        [
            0.9983659095910952,
            -0.05714464599894853,
            0.0,
            0.0,
            0.05714464599894853,
            0.9983659095910952,
            0.0,
            0.0,
            0.0,
            0.0,
            1.0,
            0.0,
            0.9085523126018515,
            0.1605326203037137,
            0.0,
            1.0
        ],
        [
            0.9983293524760287,
            -0.05777978872229311,
            0.0,
            0.0,
            0.05777978872229311,
            0.9983293524760287,
            0.0,
            0.0,
            0.0,
            0.0,
            1.0,
            0.0,
            0.9087633052976624,
            0.15947481561690988,
            0.0,
            1.0
        ],
        [
            0.9983029232037607,
            -0.058234641948125276,
            0.0,
            0.0,
            0.058234641948125276,
            0.9983029232037607,
            0.0,
            0.0,
            0.0,
            0.0,
            1.0,
            0.0,
            0.9089129103912089,
            0.15872447997604686,
            0.0,
            1.0
        ],
        [
            0.9982839280151526,
            -0.05855936361196051,
            0.0,
            0.0,
            0.05855936361196051,
            0.9982839280151526,
            0.0,
            0.0,
            0.0,
            0.0,
            1.0,
            0.0,
            0.9090189583450153,
            0.15819245101620635,
            0.0,
            1.0
        ],
        [
            0.9982703331660233,
            -0.05879066184860393,
            0.0,
            0.0,
            0.05879066184860393,
            0.9982703331660233,
            0.0,
            0.0,
            0.0,
            0.0,
            1.0,
            0.0,
            0.90909411486006,
            0.15781531952984823,
            0.0,
            1.0
        ],
        [
            0.9982606324079273,
            -0.05895515061913664,
            0.0,
            0.0,
            0.05895515061913664,
            0.9982606324079273,
            0.0,
            0.0,
            0.0,
            0.0,
            1.0,
            0.0,
            0.9091473708111711,
            0.15754804453073426,
            0.0,
            1.0
        ],
        [
            0.9982537250598049,
            -0.059071993399779976,
            0.0,
            0.0,
            0.059071993399779976,
            0.9982537250598049,
            0.0,
            0.0,
            0.0,
            0.0,
            1.0,
            0.0,
            0.9091851040428995,
            0.1573586529446983,
            0.0,
            1.0
        ],
        [
            0.9982488141815318,
            -0.05915492359192037,
            0.0,
            0.0,
            0.05915492359192037,
            0.9982488141815318,
            0.0,
            0.0,
            0.0,
            0.0,
            1.0,
            0.0,
            0.9092118370080301,
            0.15722446415408028,
            0.0,
            1.0
        ],
        [
            0.9982453264785469,
            -0.05921374978617383,
            0.0,
            0.0,
            0.05921374978617383,
            0.9982453264785469,
            0.0,
            0.0,
            0.0,
            0.0,
            1.0,
            0.0,
            0.9092307755485363,
            0.15712939493979922,
            0.0,
            1.0
        ],
        [
            0.998242851397513,
            -0.059255460792766446,
            0.0,
            0.0,
            0.059255460792766446,
            0.998242851397513,
            0.0,
            0.0,
            0.0,
            0.0,
            1.0,
            0.0,
            0.9092441917745143,
            0.15706204452990713,
            0.0,
            1.0
        ],
        [
            0.9982410958742087,
            -0.059285027687090874,
            0.0,
            0.0,
            0.059285027687090874,
            0.9982410958742087,
            0.0,
            0.0,
            0.0,
            0.0,
            1.0,
            0.0,
            0.9092536957419236,
            0.15701433253740218,
            0.0,
            1.0
        ],
        [
            0.9982398512506345,
            -0.05930598093877987,
            0.0,
            0.0,
            0.05930598093877987,
            0.9982398512506345,
            0.0,
            0.0,
            0.0,
            0.0,
            1.0,
            0.0,
            0.9092604278458842,
            0.1569805353526621,
            0.0,
            1.0
        ],
        [
            0.9982389690375033,
            -0.05932082850856507,
            0.0,
            0.0,
            0.05932082850856507,
            0.9982389690375033,
            0.0,
            0.0,
            0.0,
            0.0,
            1.0,
            0.0,
            0.9092651966982744,
            0.1569565939313542,
            0.0,
            1.0
        ],
        [
            0.9982383438205213,
            -0.05933134859804412,
            0.0,
            0.0,
            0.05933134859804412,
            0.9982383438205213,
            0.0,
            0.0,
            0.0,
            0.0,
            1.0,
            0.0,
            0.9092685748455076,
            0.15693963417644888,
            0.0,
            1.0
        ],
        [
            0.9982379008045754,
            -0.05933880178495765,
            0.0,
            0.0,
            0.05933880178495765,
            0.9982379008045754,
            0.0,
            0.0,
            0.0,
            0.0,
            1.0,
            0.0,
            0.9092709677767946,
            0.15692762055252127,
            0.0,
            1.0
        ],
        [
            0.9982375869481178,
            -0.059344081457201214,
            0.0,
            0.0,
            0.059344081457201214,
            0.9982375869481178,
            0.0,
            0.0,
            0.0,
            0.0,
            1.0,
            0.0,
            0.9092726626805441,
            0.15691911130557404,
            0.0,
            1.0
        ]
    ],
    "139976772261200": [
        [
            0.17364817766693041,
            -0.984807753012208,
            0.0,
            0.0,
            0.984807753012208,
            0.17364817766693041,
            0.0,
            0.0,
            0.0,
            0.0,
            1.0,
            0.0,
            0.26589809331329617,
            0.4668850079700712,
            0.0,
            1.0
        ],
        [
            -0.040356056618069305,
            -0.9991853625300159,
            0.0,
            0.0,
            0.9991853625300159,
            -0.040356056618069305,
            0.0,
            0.0,
            0.0,
            0.0,
            1.0,
            0.0,
            0.2825189645018863,
            0.4089106297888877,
            0.0,
            1.0
        ],
        [
            -0.187351210067211,
            -0.9822929929946318,
            0.0,
            0.0,
            0.9822929929946318,
            -0.187351210067211,
            0.0,
            0.0,
            0.0,
            0.0,
            1.0,
            0.0,
            0.3023272190861525,
            0.3677726616810377,
            0.0,
            1.0
        ],
        [
            -0.2872417567123504,
            -0.9578581174687633,
            0.0,
            0.0,
            0.9578581174687633,
            -0.2872417567123504,
            0.0,
            0.0,
            0.0,
            0.0,
            1.0,
            0.0,
            0.3200659155348912,
            0.3379259013856307,
            0.0,
            1.0
        ],
        [
            -0.35479149883749883,
            -0.9349454488646067,
            0.0,
            0.0,
            0.9349454488646067,
            -0.35479149883749883,
            0.0,
            0.0,
            0.0,
            0.0,
            1.0,
            0.0,
            0.3343057805426506,
            0.3161495191917556,
            0.0,
            1.0
        ],
        [
            -0.4005621112791606,
            -0.9162696082527138,
            0.0,
            0.0,
            0.9162696082527138,
            -0.4005621112791606,
            0.0,
            0.0,
            0.0,
            0.0,
            1.0,
            0.0,
            0.34512993043173146,
            0.30031787657079656,
            0.0,
            1.0
        ],
        [
            -0.4317479141869425,
            -0.9019943118419453,
            0.0,
            0.0,
            0.9019943118419453,
            -0.4317479141869425,
            0.0,
            0.0,
            0.0,
            0.0,
            1.0,
            0.0,
            0.35311756289822405,
            0.2888814157612863,
            0.0,
            1.0
        ],
        [
            -0.4531378835478227,
            -0.8914404402391669,
            0.0,
            0.0,
            0.8914404402391669,
            -0.4531378835478227,
            0.0,
            0.0,
            0.0,
            0.0,
            1.0,
            0.0,
            0.3589143338987932,
            0.28066983217275576,
            0.0,
            1.0
        ],
        [
            -0.46790390182410635,
            -0.8837793495311921,
            0.0,
            0.0,
            0.8837793495311921,
            -0.46790390182410635,
            0.0,
            0.0,
            0.0,
            0.0,
            1.0,
            0.0,
            0.36308079757527834,
            0.2748013544465743,
            0.0,
            1.0
        ],
        [
            -0.4781554836622184,
            -0.8782752037053932,
            0.0,
            0.0,
            0.8782752037053932,
            -0.4781554836622184,
            0.0,
            0.0,
            0.0,
            0.0,
            1.0,
            0.0,
            0.36605858626654564,
            0.2706210856708582,
            0.0,
            1.0
        ],
        [
            -0.4853068172040675,
            -0.8743439215636247,
            0.0,
            0.0,
            0.8743439215636247,
            -0.4853068172040675,
            0.0,
            0.0,
            0.0,
            0.0,
            1.0,
            0.0,
            0.3681796769004143,
            0.26764972558679,
            0.0,
            1.0
        ],
        [
            -0.4903146164019764,
            -0.871545510540088,
            0.0,
            0.0,
            0.871545510540088,
            -0.4903146164019764,
            0.0,
            0.0,
            0.0,
            0.0,
            1.0,
            0.0,
            0.3696874720663802,
            0.2655404907987612,
            0.0,
            1.0
        ],
        [
            -0.49383188293140634,
            -0.8695573997157529,
            0.0,
            0.0,
            0.8695573997157529,
            -0.49383188293140634,
            0.0,
            0.0,
            0.0,
            0.0,
            1.0,
            0.0,
            0.37075796402173833,
            0.2640444659360889,
            0.0,
            1.0
        ],
        [
            -0.49630789949521925,
            -0.8681465710919115,
            0.0,
            0.0,
            0.8681465710919115,
            -0.49630789949521925,
            0.0,
            0.0,
            0.0,
            0.0,
            1.0,
            0.0,
            0.37151738804123124,
            0.2629839010882573,
            0.0,
            1.0
        ],
        [
            -0.49805389187037813,
            -0.8671460781164668,
            0.0,
            0.0,
            0.8671460781164668,
            -0.49805389187037813,
            0.0,
            0.0,
            0.0,
            0.0,
            1.0,
            0.0,
            0.37205586633312937,
            0.2622322694288456,
            0.0,
            1.0
        ],
        [
            -0.4992866479855412,
            -0.8664368662189774,
            0.0,
            0.0,
            0.8664368662189774,
            -0.4992866479855412,
            0.0,
            0.0,
            0.0,
            0.0,
            1.0,
            0.0,
            0.3724375562396151,
            0.26169967956589246,
            0.0,
            1.0
        ],
        [
            -0.5001578328053953,
            -0.8659342597930921,
            0.0,
            0.0,
            0.8659342597930921,
            -0.5001578328053953,
            0.0,
            0.0,
            0.0,
            0.0,
            1.0,
            0.0,
            0.37270805118853956,
            0.26132234125775317,
            0.0,
            1.0
        ],
        [
            -0.5007739042806465,
            -0.865578128646697,
            0.0,
            0.0,
            0.865578128646697,
            -0.5007739042806465,
            0.0,
            0.0,
            0.0,
            0.0,
            1.0,
            0.0,
            0.37289971702526326,
            0.26105501785481144,
            0.0,
            1.0
        ],
        [
            -0.5012097794351772,
            -0.8653258097378934,
            0.0,
            0.0,
            0.8653258097378934,
            -0.5012097794351772,
            0.0,
            0.0,
            0.0,
            0.0,
            1.0,
            0.0,
            0.3730355131885915,
            0.26086564187362604,
            0.0,
            1.0
        ],
        [
            -0.5015182670398574,
            -0.8651470556069288,
            0.0,
            0.0,
            0.8651470556069288,
            -0.5015182670398574,
            0.0,
            0.0,
            0.0,
            0.0,
            1.0,
            0.0,
            0.3731317185439652,
            0.2607314901968404,
            0.0,
            1.0
        ],
        [
            -0.5017366509591314,
            -0.8650204235070492,
            0.0,
            0.0,
            0.8650204235070492,
            -0.5017366509591314,
            0.0,
            0.0,
            0.0,
            0.0,
            1.0,
            0.0,
            0.37319987250806574,
            0.2606364604706076,
            0.0,
            1.0
        ],
        [
            -0.5018912753476458,
            -0.8649307184566367,
            0.0,
            0.0,
            0.8649307184566367,
            -0.5018912753476458,
            0.0,
            0.0,
            0.0,
            0.0,
            1.0,
            0.0,
            0.37324815259068245,
            0.2605691448664441,
            0.0,
            1.0
        ],
        [
            -0.5020007693613291,
            -0.8648671733628428,
            0.0,
            0.0,
            0.8648671733628428,
            -0.5020007693613291,
            0.0,
            0.0,
            0.0,
            0.0,
            1.0,
            0.0,
            0.3732823533076959,
            0.2605214612792829,
            0.0,
            1.0
        ],
        [
            -0.5020783120018033,
            -0.8648221601100541,
            0.0,
            0.0,
            0.8648221601100541,
            -0.5020783120018033,
            0.0,
            0.0,
            0.0,
            0.0,
            1.0,
            0.0,
            0.37330658008590745,
            0.26048768443834835,
            0.0,
            1.0
        ],
        [
            -0.5021332309047115,
            -0.8647902742406368,
            0.0,
            0.0,
            0.8647902742406368,
            -0.5021332309047115,
            0.0,
            0.0,
            0.0,
            0.0,
            1.0,
            0.0,
            0.37332374155033443,
            0.2604637583940911,
            0.0,
            1.0
        ],
        [
            -0.5021721263495167,
            -0.8647676887567002,
            0.0,
            0.0,
            0.8647676887567002,
            -0.5021721263495167,
            0.0,
            0.0,
            0.0,
            0.0,
            1.0,
            0.0,
            0.37333589745944584,
            0.2604468111861339,
            0.0,
            1.0
        ],
        [
            -0.5021996759203657,
            -0.8647516900853561,
            0.0,
            0.0,
            0.8647516900853561,
            -0.5021996759203657,
            0.0,
            0.0,
            0.0,
            0.0,
            1.0,
            0.0,
            0.37334450823854903,
            0.2604348065305473,
            0.0,
            1.0
        ],
        [
            -0.5022191899503352,
            -0.864740357127866,
            0.0,
            0.0,
            0.864740357127866,
            -0.5022191899503352,
            0.0,
            0.0,
            0.0,
            0.0,
            1.0,
            0.0,
            0.3733506078449251,
            0.26042630285142654,
            0.0,
            1.0
        ],
        [
            -0.5022330120648488,
            -0.8647323294478293,
            0.0,
            0.0,
            0.8647323294478293,
            -0.5022330120648488,
            0.0,
            0.0,
            0.0,
            0.0,
            1.0,
            0.0,
            0.3733549284952602,
            0.260420279305289,
            0.0,
            1.0
        ],
        [
            -0.5022428018377729,
            -0.8647266435135115,
            0.0,
            0.0,
            0.8647266435135115,
            -0.5022428018377729,
            0.0,
            0.0,
            0.0,
            0.0,
            1.0,
            0.0,
            0.3733579887746006,
            0.2604160128915272,
            0.0,
            1.0
        ]
    ],
    "139976772293712": [
        [
            0.9999999999999999,
            0.0,
            0.0,
            0.0,
            0.0,
            0.9999999999999999,
            0.0,
            0.0,
            0.0,
            0.0,
            1.0,
            0.0,
            0.6317961866265923,
            0.5137700159401424,
            0.0,
            1.0
        ],
        [
            0.9999594693125367,
            0.00900331784345923,
            0.0,
            0.0,
            -0.00900331784345923,
            0.9999594693125367,
            0.0,
            0.0,
            0.0,
            0.0,
            1.0,
            0.0,
            0.6522949593162443,
            0.3989148262863549,
            0.0,
            1.0
        ],
        [
            0.9999952665091009,
            0.0030768424386276305,
            0.0,
            0.0,
            -0.0030768424386276305,
            0.9999952665091009,
            0.0,
            0.0,
            0.0,
            0.0,
            1.0,
            0.0,
            0.6675458538456132,
            0.31749551920675345,
            0.0,
            1.0
        ],
        [
            0.9999797785937006,
            -0.006359434227497823,
            0.0,
            0.0,
            0.006359434227497823,
            0.9999797785937006,
            0.0,
            0.0,
            0.0,
            0.0,
            1.0,
            0.0,
            0.6786855851108273,
            0.25973468365054625,
            0.0,
            1.0
        ],
        [
            0.999870863247272,
            -0.016070371157975133,
            0.0,
            0.0,
            0.016070371157975133,
            0.999870863247272,
            0.0,
            0.0,
            0.0,
            0.0,
            1.0,
            0.0,
            0.6867281380608217,
            0.2187487773898334,
            0.0,
            1.0
        ],
        [
            0.9996885860276883,
            -0.024954578056170046,
            0.0,
            0.0,
            0.024954578056170046,
            0.9996885860276883,
            0.0,
            0.0,
            0.0,
            0.0,
            1.0,
            0.0,
            0.692491583262733,
            0.18967064871980618,
            0.0,
            1.0
        ],
        [
            0.9994676396074953,
            -0.03262571650434437,
            0.0,
            0.0,
            0.03262571650434437,
            0.9994676396074953,
            0.0,
            0.0,
            0.0,
            0.0,
            1.0,
            0.0,
            0.6966027910562987,
            0.16904690728037736,
            0.0,
            1.0
        ],
        [
            0.9992397410340532,
            -0.03898640709527304,
            0.0,
            0.0,
            0.03898640709527304,
            0.9992397410340532,
            0.0,
            0.0,
            0.0,
            0.0,
            1.0,
            0.0,
            0.6995272268667736,
            0.15442396290531632,
            0.0,
            1.0
        ],
        [
            0.9990276445276017,
            -0.04408815566148794,
            0.0,
            0.0,
            0.04408815566148794,
            0.9990276445276017,
            0.0,
            0.0,
            0.0,
            0.0,
            1.0,
            0.0,
            0.7016039864014605,
            0.14405848538791677,
            0.0,
            1.0
        ],
        [
            0.9988441075736036,
            -0.048067127701695994,
            0.0,
            0.0,
            0.048067127701695994,
            0.9988441075736036,
            0.0,
            0.0,
            0.0,
            0.0,
            1.0,
            0.0,
            0.7030773020243622,
            0.13671239231188964,
            0.0,
            1.0
        ],
        [
            0.9986935668869366,
            -0.051099505463832406,
            0.0,
            0.0,
            0.051099505463832406,
            0.9986935668869366,
            0.0,
            0.0,
            0.0,
            0.0,
            1.0,
            0.0,
            0.7041218924112866,
            0.13150693439530853,
            0.0,
            1.0
        ],
        [
            0.9985749053968643,
            -0.05336813948081259,
            0.0,
            0.0,
            0.05336813948081259,
            0.9985749053968643,
            0.0,
            0.0,
            0.0,
            0.0,
            1.0,
            0.0,
            0.7048622504518904,
            0.12781873042214628,
            0.0,
            1.0
        ],
        [
            0.9984840856282164,
            -0.05504117319956314,
            0.0,
            0.0,
            0.05504117319956314,
            0.9984840856282164,
            0.0,
            0.0,
            0.0,
            0.0,
            1.0,
            0.0,
            0.7053868705078132,
            0.12520574022465286,
            0.0,
            1.0
        ],
        [
            0.9984160621069746,
            -0.056261593710113134,
            0.0,
            0.0,
            0.056261593710113134,
            0.9984160621069746,
            0.0,
            0.0,
            0.0,
            0.0,
            1.0,
            0.0,
            0.7057585684467448,
            0.12335460885353682,
            0.0,
            1.0
        ],
        [
            0.9983659095910952,
            -0.05714464599894853,
            0.0,
            0.0,
            0.05714464599894853,
            0.9983659095910952,
            0.0,
            0.0,
            0.0,
            0.0,
            1.0,
            0.0,
            0.7060218983836849,
            0.12204325402394864,
            0.0,
            1.0
        ],
        [
            0.9983293524760287,
            -0.05777978872229311,
            0.0,
            0.0,
            0.05777978872229311,
            0.9983293524760287,
            0.0,
            0.0,
            0.0,
            0.0,
            1.0,
            0.0,
            0.7062084453663419,
            0.12111430573756704,
            0.0,
            1.0
        ],
        [
            0.9983029232037607,
            -0.058234641948125276,
            0.0,
            0.0,
            0.058234641948125276,
            0.9983029232037607,
            0.0,
            0.0,
            0.0,
            0.0,
            1.0,
            0.0,
            0.7063405936530505,
            0.12045626220548392,
            0.0,
            1.0
        ],
        [
            0.9982839280151526,
            -0.05855936361196051,
            0.0,
            0.0,
            0.05855936361196051,
            0.9982839280151526,
            0.0,
            0.0,
            0.0,
            0.0,
            1.0,
            0.0,
            0.7064342045613867,
            0.11999012733784084,
            0.0,
            1.0
        ],
        [
            0.9982703331660233,
            -0.05879066184860393,
            0.0,
            0.0,
            0.05879066184860393,
            0.9982703331660233,
            0.0,
            0.0,
            0.0,
            0.0,
            1.0,
            0.0,
            0.706500515134425,
            0.11965993524126783,
            0.0,
            1.0
        ],
        [
            0.9982606324079273,
            -0.05895515061913664,
            0.0,
            0.0,
            0.05895515061913664,
            0.9982606324079273,
            0.0,
            0.0,
            0.0,
            0.0,
            1.0,
            0.0,
            0.7065474867986288,
            0.11942604303416521,
            0.0,
            1.0
        ],
        [
            0.9982537250598049,
            -0.059071993399779976,
            0.0,
            0.0,
            0.059071993399779976,
            0.9982537250598049,
            0.0,
            0.0,
            0.0,
            0.0,
            1.0,
            0.0,
            0.7065807593609494,
            0.1192603653716641,
            0.0,
            1.0
        ],
        [
            0.9982488141815318,
            -0.05915492359192037,
            0.0,
            0.0,
            0.05915492359192037,
            0.9982488141815318,
            0.0,
            0.0,
            0.0,
            0.0,
            1.0,
            0.0,
            0.7066043279921275,
            0.11914300816338774,
            0.0,
            1.0
        ],
        [
            0.9982453264785469,
            -0.05921374978617383,
            0.0,
            0.0,
            0.05921374978617383,
            0.9982453264785469,
            0.0,
            0.0,
            0.0,
            0.0,
            1.0,
            0.0,
            0.7066210227635182,
            0.11905987857310663,
            0.0,
            1.0
        ],
        [
            0.998242851397513,
            -0.059255460792766446,
            0.0,
            0.0,
            0.059255460792766446,
            0.998242851397513,
            0.0,
            0.0,
            0.0,
            0.0,
            1.0,
            0.0,
            0.7066328484553733,
            0.11900099411858478,
            0.0,
            1.0
        ],
        [
            0.9982410958742087,
            -0.059285027687090874,
            0.0,
            0.0,
            0.059285027687090874,
            0.9982410958742087,
            0.0,
            0.0,
            0.0,
            0.0,
            1.0,
            0.0,
            0.7066412251827272,
            0.1189592832811099,
            0.0,
            1.0
        ],
        [
            0.9982398512506345,
            -0.05930598093877987,
            0.0,
            0.0,
            0.05930598093877987,
            0.9982398512506345,
            0.0,
            0.0,
            0.0,
            0.0,
            1.0,
            0.0,
            0.7066471585488184,
            0.11892973897788638,
            0.0,
            1.0
        ],
        [
            0.9982389690375033,
            -0.05932082850856507,
            0.0,
            0.0,
            0.05932082850856507,
            0.9982389690375033,
            0.0,
            0.0,
            0.0,
            0.0,
            1.0,
            0.0,
            0.7066513614653456,
            0.11890881118119201,
            0.0,
            1.0
        ],
        [
            0.9982383438205213,
            -0.05933134859804412,
            0.0,
            0.0,
            0.05933134859804412,
            0.9982383438205213,
            0.0,
            0.0,
            0.0,
            0.0,
            1.0,
            0.0,
            0.706654338651501,
            0.11889398670503164,
            0.0,
            1.0
        ],
        [
            0.9982379008045754,
            -0.05933880178495765,
            0.0,
            0.0,
            0.05933880178495765,
            0.9982379008045754,
            0.0,
            0.0,
            0.0,
            0.0,
            1.0,
            0.0,
            0.7066564475266317,
            0.118883485869284,
            0.0,
            1.0
        ],
        [
            0.9982375869481178,
            -0.059344081457201214,
            0.0,
            0.0,
            0.059344081457201214,
            0.9982375869481178,
            0.0,
            0.0,
            0.0,
            0.0,
            1.0,
            0.0,
            0.7066579412180605,
            0.11887604824960839,
            0.0,
            1.0
        ]
    ],
    "139976772295888": [
        [
            0.9999999999999999,
            0.0,
            0.0,
            0.0,
            0.0,
            0.9999999999999999,
            0.0,
            0.0,
            0.0,
            0.0,
            1.0,
            0.0,
            0.6317961866265923,
            0.5137700159401424,
            0.0,
            1.0
        ],
        [
            0.9999594693125367,
            0.00900331784345923,
            0.0,
            0.0,
            -0.00900331784345923,
            0.9999594693125367,
            0.0,
            0.0,
            0.0,
            0.0,
            1.0,
            0.0,
            0.6522949593162443,
            0.3989148262863549,
            0.0,
            1.0
        ],
        [
            0.9999952665091009,
            0.0030768424386276305,
            0.0,
            0.0,
            -0.0030768424386276305,
            0.9999952665091009,
            0.0,
            0.0,
            0.0,
            0.0,
            1.0,
            0.0,
            0.6675458538456132,
            0.31749551920675345,
            0.0,
            1.0
        ],
        [
            0.9999797785937006,
            -0.006359434227497823,
            0.0,
            0.0,
            0.006359434227497823,
            0.9999797785937006,
            0.0,
            0.0,
            0.0,
            0.0,
            1.0,
            0.0,
            0.6786855851108273,
            0.25973468365054625,
            0.0,
            1.0
        ],
        [
            0.999870863247272,
            -0.016070371157975133,
            0.0,
            0.0,
            0.016070371157975133,
            0.999870863247272,
            0.0,
            0.0,
            0.0,
            0.0,
            1.0,
            0.0,
            0.6867281380608217,
            0.2187487773898334,
            0.0,
            1.0
        ],
        [
            0.9996885860276883,
            -0.024954578056170046,
            0.0,
            0.0,
            0.024954578056170046,
            0.9996885860276883,
            0.0,
            0.0,
            0.0,
            0.0,
            1.0,
            0.0,
            0.692491583262733,
            0.18967064871980618,
            0.0,
            1.0
        ],
        [
            0.9994676396074953,
            -0.03262571650434437,
            0.0,
            0.0,
            0.03262571650434437,
            0.9994676396074953,
            0.0,
            0.0,
            0.0,
            0.0,
            1.0,
            0.0,
            0.6966027910562987,
            0.16904690728037736,
            0.0,
            1.0
        ],
        [
            0.9992397410340532,
            -0.03898640709527304,
            0.0,
            0.0,
            0.03898640709527304,
            0.9992397410340532,
            0.0,
            0.0,
            0.0,
            0.0,
            1.0,
            0.0,
            0.6995272268667736,
            0.15442396290531632,
            0.0,
            1.0
        ],
        [
            0.9990276445276017,
            -0.04408815566148794,
            0.0,
            0.0,
            0.04408815566148794,
            0.9990276445276017,
            0.0,
            0.0,
            0.0,
            0.0,
            1.0,
            0.0,
            0.7016039864014605,
            0.14405848538791677,
            0.0,
            1.0
        ],
        [
            0.9988441075736036,
            -0.048067127701695994,
            0.0,
            0.0,
            0.048067127701695994,
            0.9988441075736036,
            0.0,
            0.0,
            0.0,
            0.0,
            1.0,
            0.0,
            0.7030773020243622,
            0.13671239231188964,
            0.0,
            1.0
        ],
        [
            0.9986935668869366,
            -0.051099505463832406,
            0.0,
            0.0,
            0.051099505463832406,
            0.9986935668869366,
            0.0,
            0.0,
            0.0,
            0.0,
            1.0,
            0.0,
            0.7041218924112866,
            0.13150693439530853,
            0.0,
            1.0
        ],
        [
            0.9985749053968643,
            -0.05336813948081259,
            0.0,
            0.0,
            0.05336813948081259,
            0.9985749053968643,
            0.0,
            0.0,
            0.0,
            0.0,
            1.0,
            0.0,
            0.7048622504518904,
            0.12781873042214628,
            0.0,
            1.0
        ],
        [
            0.9984840856282164,
            -0.05504117319956314,
            0.0,
            0.0,
            0.05504117319956314,
            0.9984840856282164,
            0.0,
            0.0,
            0.0,
            0.0,
            1.0,
            0.0,
            0.7053868705078132,
            0.12520574022465286,
            0.0,
            1.0
        ],
        [
            0.9984160621069746,
            -0.056261593710113134,
            0.0,
            0.0,
            0.056261593710113134,
            0.9984160621069746,
            0.0,
