{
    "140373691069264": [
        [
            0.17364817766693041,
            -0.984807753012208,
            0.0,
            0.0,
            0.984807753012208,
            0.17364817766693041,
            0.0,
            0.0,
            0.0,
            0.0,
            1.0,
            0.0,
            0.19848077530122082,
            0.437364817766693,
            0.0,
            1.0
        ],
        [
            -0.0878528239437692,
            -0.9961334656184908,
            0.0,
            0.0,
            0.9961334656184908,
            -0.0878528239437692,
            0.0,
            0.0,
            0.0,
            0.0,
            1.0,
            0.0,
            0.11175098308433658,
            0.39891620457659216,
            0.0,
            1.0
        ],
        [
            -0.25260760679857963,
            -0.9675688073659126,
            0.0,
            0.0,
            0.9675688073659126,
            -0.25260760679857963,
            0.0,
            0.0,
            0.0,
            0.0,
            1.0,
            0.0,
            0.061478595358520155,
            0.36473886950123235,
            0.0,
            1.0
        ],
        [
            -0.36578793690519984,
            -0.9306982245683277,
            0.0,
            0.0,
            0.9306982245683277,
            -0.36578793690519984,
            0.0,
            0.0,
            0.0,
            0.0,
            1.0,
            0.0,
            0.030899260567608305,
            0.3392847755906253,
            0.0,
            1.0
        ],
        [
            -0.4475093979644347,
            -0.89427922861571,
            0.0,
            0.0,
            0.89427922861571,
            -0.4475093979644347,
            0.0,
            0.0,
            0.0,
            0.0,
            1.0,
            0.0,
            0.012322351842339901,
            0.32177038526770985,
            0.0,
            1.0
        ],
        [
            -0.5083231721967407,
            -0.8611663907792981,
            0.0,
            0.0,
            0.8611663907792981,
            -0.5083231721967407,
            0.0,
            0.0,
            0.0,
            0.0,
            1.0,
            0.0,
            0.0013294563178511964,
            0.31042176808349076,
            0.0,
            1.0
        ],
        [
            -0.5541439320363963,
            -0.832420868663948,
            0.0,
            0.0,
            0.832420868663948,
            -0.5541439320363963,
            0.0,
            0.0,
            0.0,
            0.0,
            1.0,
            0.0,
            -0.004904781320028695,
            0.3034306492283927,
            0.0,
            1.0
        ],
        [
            -0.5886152641206749,
            -0.8084133044700268,
            0.0,
            0.0,
            0.8084133044700268,
            -0.5886152641206749,
            0.0,
            0.0,
            0.0,
            0.0,
            1.0,
            0.0,
            -0.008256678364564937,
            0.29928948184376003,
            0.0,
            1.0
        ],
        [
            -0.6143112500709315,
            -0.7890638047941937,
            0.0,
            0.0,
            0.7890638047941937,
            -0.6143112500709315,
            0.0,
            0.0,
            0.0,
            0.0,
            1.0,
            0.0,
            -0.009948592600597758,
            0.2968977335103904,
            0.0,
            1.0
        ],
        [
            -0.6332506790331047,
            -0.7739467536621053,
            0.0,
            0.0,
            0.7739467536621053,
            -0.6332506790331047,
            0.0,
            0.0,
            0.0,
            0.0,
            1.0,
            0.0,
            -0.010736460650440205,
            0.2955314090507817,
            0.0,
            1.0
        ],
        [
            -0.6470671837608324,
            -0.7624329870223514,
            0.0,
            0.0,
            0.7624329870223514,
            -0.6470671837608324,
            0.0,
            0.0,
            0.0,
            0.0,
            1.0,
            0.0,
            -0.011059914928045145,
            0.2947494555026079,
            0.0,
            1.0
        ],
        [
            -0.6570640242447123,
            -0.753834775029213,
            0.0,
            0.0,
            0.753834775029213,
            -0.6570640242447123,
            0.0,
            0.0,
            0.0,
            0.0,
            1.0,
            0.0,
            -0.011160012334423666,
            0.29429653294223646,
            0.0,
            1.0
        ],
        [
            -0.6642529574976557,
            -0.747507865146326,
            0.0,
            0.0,
            0.747507865146326,
            -0.6642529574976557,
            0.0,
            0.0,
            0.0,
            0.0,
            1.0,
            0.0,
            -0.011161895692753013,
            0.2940290660767465,
            0.0,
            1.0
        ],
        [
            -0.6693998364060653,
            -0.7429023213179059,
            0.0,
            0.0,
            0.7429023213179059,
            -0.6693998364060653,
            0.0,
            0.0,
            0.0,
            0.0,
            1.0,
            0.0,
            -0.011127008230796862,
            0.2938673149081927,
            0.0,
            1.0
        ],
        [
            -0.6730731462573071,
            -0.7395759188800632,
            0.0,
            0.0,
            0.7395759188800632,
            -0.6730731462573071,
            0.0,
            0.0,
            0.0,
            0.0,
            1.0,
            0.0,
            -0.011083542003611085,
            0.2937669636325928,
            0.0,
            1.0
        ],
        [
            -0.6756889610119409,
            -0.7371868338261364,
            0.0,
            0.0,
            0.7371868338261364,
            -0.6756889610119409,
            0.0,
            0.0,
            0.0,
            0.0,
            1.0,
            0.0,
            -0.01104313379983013,
            0.29370312863823567,
            0.0,
            1.0
        ],
        [
            -0.677548808369655,
            -0.7354778122260797,
            0.0,
            0.0,
            0.7354778122260797,
            -0.677548808369655,
            0.0,
            0.0,
            0.0,
            0.0,
            1.0,
            0.0,
            -0.01100960916183516,
            0.29366158699642153,
            0.0,
            1.0
        ],
        [
            -0.6788697067996301,
            -0.7342587562908489,
            0.0,
            0.0,
            0.7342587562908489,
            -0.6788697067996301,
            0.0,
            0.0,
            0.0,
            0.0,
            1.0,
            0.0,
            -0.010983376548508117,
            0.2936340183654689,
            0.0,
            1.0
        ],
        [
            -0.679807105790085,
            -0.7333909591188783,
            0.0,
            0.0,
            0.7333909591188783,
            -0.679807105790085,
            0.0,
            0.0,
            0.0,
            0.0,
            1.0,
            0.0,
            -0.010963536794546994,
            0.293615427728645,
            0.0,
            1.0
        ],
        [
            -0.680471983388265,
            -0.7327740987668988,
            0.0,
            0.0,
            0.7327740987668988,
            -0.680471983388265,
            0.0,
            0.0,
            0.0,
            0.0,
            1.0,
            0.0,
            -0.010948849381519424,
            0.2936027307644069,
            0.0,
            1.0
        ],
        [
            -0.6809433844449662,
            -0.7323360616415358,
            0.0,
            0.0,
            0.7323360616415358,
            -0.6809433844449662,
            0.0,
            0.0,
            0.0,
            0.0,
            1.0,
            0.0,
            -0.010938125964102263,
            0.2935939744104683,
            0.0,
            1.0
        ],
        [
            -0.6812775188116649,
            -0.7320252334187816,
            0.0,
            0.0,
            0.7320252334187816,
            -0.6812775188116649,
            0.0,
            0.0,
            0.0,
            0.0,
            1.0,
            0.0,
            -0.010930369532925449,
            0.2935878910627663,
            0.0,
            1.0
        ],
        [
            -0.6815143118824912,
            -0.7318047845561919,
            0.0,
            0.0,
            0.7318047845561919,
            -0.6815143118824912,
            0.0,
            0.0,
            0.0,
            0.0,
            1.0,
            0.0,
            -0.010924794565020296,
            0.29358364182642316,
            0.0,
            1.0
        ],
        [
            -0.681682094227763,
            -0.7316484964853349,
            0.0,
            0.0,
            0.7316484964853349,
            -0.681682094227763,
            0.0,
            0.0,
            0.0,
            0.0,
            1.0,
            0.0,
            -0.010920804862323663,
            0.293580662214351,
            0.0,
            1.0
        ],
        [
            -0.6818009701616636,
            -0.7315377208911473,
            0.0,
            0.0,
            0.7315377208911473,
            -0.6818009701616636,
            0.0,
            0.0,
            0.0,
            0.0,
            1.0,
            0.0,
            -0.01091795843617839,
            0.29357856668271465,
            0.0,
            1.0
        ],
        [
            -0.6818851903578708,
            -0.7314592177084177,
            0.0,
            0.0,
            0.7314592177084177,
            -0.6818851903578708,
            0.0,
            0.0,
            0.0,
            0.0,
            1.0,
            0.0,
            -0.010915931975597176,
            0.29357708985014835,
            0.0,
            1.0
        ],
        [
            -0.6819448539545302,
            -0.731403593213032,
            0.0,
            0.0,
            0.731403593213032,
            -0.6819448539545302,
            0.0,
            0.0,
            0.0,
            0.0,
            1.0,
            0.0,
            -0.010914491410166025,
            0.29357604755701017,
            0.0,
            1.0
        ],
        [
            -0.681987118187449,
            -0.7313641846757185,
            0.0,
            0.0,
            0.7313641846757185,
            -0.681987118187449,
            0.0,
            0.0,
            0.0,
            0.0,
            1.0,
            0.0,
            -0.01091346845140359,
            0.2935753111955954,
            0.0,
            1.0
        ],
        [
            -0.6820170607767556,
            -0.7313362624739971,
            0.0,
            0.0,
            0.7313362624739971,
            -0.6820170607767556,
            0.0,
            0.0,
            0.0,
            0.0,
            1.0,
            0.0,
            -0.010912742500886446,
            0.29357479048106805,
            0.0,
            1.0
        ],
        [
            -0.6820382707531156,
            -0.731316482262023,
            0.0,
            0.0,
            0.731316482262023,
            -0.6820382707531156,
            0.0,
            0.0,
            0.0,
            0.0,
            1.0,
            0.0,
            -0.010912227630926336,
            0.2935744221347514,
            0.0,
            1.0
        ]
    ],
    "140373639052176": [
        [
            0.9999999999999999,
            0.0,
            0.0,
            0.0,
            0.0,
            0.9999999999999999,
            0.0,
            0.0,
            0.0,
            0.0,
            1.0,
            0.0,
            0.5839231012048832,
            0.48945927106677223,
            0.0,
            1.0
        ],
        [
            0.9996094309891608,
            -0.027946117396273784,
            0.0,
            0.0,
            0.027946117396273784,
            0.9996094309891608,
            0.0,
            0.0,
            0.0,
            0.0,
            1.0,
            0.0,
            0.5005558715589082,
            0.37004520682779674,
            0.0,
            1.0
        ],
        [
            0.9992454008466625,
            -0.03884107216327637,
            0.0,
            0.0,
            0.03884107216327637,
            0.9992454008466625,
            0.0,
            0.0,
            0.0,
            0.0,
            1.0,
            0.0,
            0.44168132364449353,
            0.2854608909669636,
            0.0,
            1.0
        ],
        [
            0.9990105591219567,
            -0.04447361872880845,
            0.0,
            0.0,
            0.04447361872880845,
            0.9990105591219567,
            0.0,
            0.0,
            0.0,
            0.0,
            1.0,
            0.0,
            0.4000196782590827,
            0.22554576883347255,
            0.0,
            1.0
        ],
        [
            0.998798071207607,
            -0.049014415756631124,
            0.0,
            0.0,
            0.049014415756631124,
            0.998798071207607,
            0.0,
            0.0,
            0.0,
            0.0,
            1.0,
            0.0,
            0.37049794683573756,
            0.18310626846028266,
            0.0,
            1.0
        ],
        [
            0.9985301588008172,
            -0.05419891110728092,
            0.0,
            0.0,
            0.05419891110728092,
            0.9985301588008172,
            0.0,
            0.0,
            0.0,
            0.0,
            1.0,
            0.0,
            0.3495470878437142,
            0.15304691442481322,
            0.0,
            1.0
        ],
        [
            0.9981785315120215,
            -0.06032925682042001,
            0.0,
            0.0,
            0.06032925682042001,
            0.9981785315120215,
            0.0,
            0.0,
            0.0,
            0.0,
            1.0,
            0.0,
            0.33465754711523765,
            0.13175783650363593,
            0.0,
            1.0
        ],
        [
            0.9977577555777251,
            -0.06692877695357069,
            0.0,
            0.0,
            0.06692877695357069,
            0.9977577555777251,
            0.0,
            0.0,
            0.0,
            0.0,
            1.0,
            0.0,
            0.3240655109784384,
            0.11668131268173618,
            0.0,
            1.0
        ],
        [
            0.9973080144423143,
            -0.07332615037712165,
            0.0,
            0.0,
            0.07332615037712165,
            0.9973080144423143,
            0.0,
            0.0,
            0.0,
            0.0,
            1.0,
            0.0,
            0.31652827013746865,
            0.10600500495516996,
            0.0,
            1.0
        ],
        [
            0.996873414870012,
            -0.07901515503623913,
            0.0,
            0.0,
            0.07901515503623913,
            0.996873414870012,
            0.0,
            0.0,
            0.0,
            0.0,
            1.0,
            0.0,
            0.31116617278649245,
            0.09844484138758876,
            0.0,
            1.0
        ],
        [
            0.996486277557576,
            -0.08375618567870119,
            0.0,
            0.0,
            0.08375618567870119,
            0.996486277557576,
            0.0,
            0.0,
            0.0,
            0.0,
            1.0,
            0.0,
            0.30735374615884214,
            0.093091243663275,
            0.0,
            1.0
        ],
        [
            0.9961623069037893,
            -0.08752518668429632,
            0.0,
            0.0,
            0.08752518668429632,
            0.9961623069037893,
            0.0,
            0.0,
            0.0,
            0.0,
            1.0,
            0.0,
            0.30464502779568126,
            0.08930005886723606,
            0.0,
            1.0
        ],
        [
            0.9959035281880593,
            -0.09042213524671794,
            0.0,
            0.0,
            0.09042213524671794,
            0.9959035281880593,
            0.0,
            0.0,
            0.0,
            0.0,
            1.0,
            0.0,
            0.30272178138807015,
            0.08661518665524519,
            0.0,
            1.0
        ],
        [
            0.9957037453379287,
            -0.0925961744351309,
            0.0,
            0.0,
            0.0925961744351309,
            0.9957037453379287,
            0.0,
            0.0,
            0.0,
            0.0,
            1.0,
            0.0,
            0.3013570252449885,
            0.08471370828721128,
            0.0,
            1.0
        ],
        [
            0.9955532620590597,
            -0.09420033122853266,
            0.0,
            0.0,
            0.09420033122853266,
            0.9955532620590597,
            0.0,
            0.0,
            0.0,
            0.0,
            1.0,
            0.0,
            0.30038902724572325,
            0.08336698994483274,
            0.0,
            1.0
        ],
        [
            0.9954419009832144,
            -0.09536992066120331,
            0.0,
            0.0,
            0.09536992066120331,
            0.9954419009832144,
            0.0,
            0.0,
            0.0,
            0.0,
            1.0,
            0.0,
            0.2997026874365001,
            0.08241314747514517,
            0.0,
            1.0
        ],
        [
            0.9953605271957011,
            -0.09621549199944884,
            0.0,
            0.0,
            0.09621549199944884,
            0.9953605271957011,
            0.0,
            0.0,
            0.0,
            0.0,
            1.0,
            0.0,
            0.2992161819536019,
            0.08173755020557462,
            0.0,
            1.0
        ],
        [
            0.9953015996269496,
            -0.09682316757902082,
            0.0,
            0.0,
            0.09682316757902082,
            0.9953015996269496,
            0.0,
            0.0,
            0.0,
            0.0,
            1.0,
            0.0,
            0.29887139430517207,
            0.08125902124346802,
            0.0,
            1.0
        ],
        [
            0.9952591993164552,
            -0.09725803913285741,
            0.0,
            0.0,
            0.09725803913285741,
            0.9952591993164552,
            0.0,
            0.0,
            0.0,
            0.0,
            1.0,
            0.0,
            0.2986270788795975,
            0.08092007246966236,
            0.0,
            1.0
        ],
        [
            0.995228829753352,
            -0.09756831672102079,
            0.0,
            0.0,
            0.09756831672102079,
            0.995228829753352,
            0.0,
            0.0,
            0.0,
            0.0,
            1.0,
            0.0,
            0.2984539749263519,
            0.08067998724303552,
            0.0,
            1.0
        ],
        [
            0.9952071475114566,
            -0.097789230194895,
            0.0,
            0.0,
            0.097789230194895,
            0.9952071475114566,
            0.0,
            0.0,
            0.0,
            0.0,
            1.0,
            0.0,
            0.29833133580438953,
            0.08050992835943788,
            0.0,
            1.0
        ],
        [
            0.9951917030721571,
            -0.09794628189134713,
            0.0,
            0.0,
            0.09794628189134713,
            0.9951917030721571,
            0.0,
            0.0,
            0.0,
            0.0,
            1.0,
            0.0,
            0.29824445376920317,
            0.08038947004904555,
            0.0,
            1.0
        ],
        [
            0.9951807197292785,
            -0.09805781498236305,
            0.0,
            0.0,
            0.09805781498236305,
            0.9951807197292785,
            0.0,
            0.0,
            0.0,
            0.0,
            1.0,
            0.0,
            0.29818290557747235,
            0.08030414491326308,
            0.0,
            1.0
        ],
        [
            0.9951729180506204,
            -0.09813696132759075,
            0.0,
            0.0,
            0.09813696132759075,
            0.9951729180506204,
            0.0,
            0.0,
            0.0,
            0.0,
            1.0,
            0.0,
            0.2981393067078326,
            0.0802437074265389,
            0.0,
            1.0
        ],
        [
            0.9951673807715202,
            -0.09819309674489418,
            0.0,
            0.0,
            0.09819309674489418,
            0.9951673807715202,
            0.0,
            0.0,
            0.0,
            0.0,
            1.0,
            0.0,
            0.2981084221006026,
            0.08020089692717507,
            0.0,
            1.0
        ],
        [
            0.9951634529052737,
            -0.09823289673858204,
            0.0,
            0.0,
            0.09823289673858204,
            0.9951634529052737,
            0.0,
            0.0,
            0.0,
            0.0,
            1.0,
            0.0,
            0.29808654409840274,
            0.0801705720363147,
            0.0,
            1.0
        ],
        [
            0.995160667863221,
            -0.09826110694485402,
            0.0,
            0.0,
            0.09826110694485402,
            0.995160667863221,
            0.0,
            0.0,
            0.0,
            0.0,
            1.0,
            0.0,
            0.29807104666143347,
            0.08014909174561424,
            0.0,
            1.0
        ],
        [
            0.9951586937752754,
            -0.09828109789520695,
            0.0,
            0.0,
            0.09828109789520695,
            0.9951586937752754,
            0.0,
            0.0,
            0.0,
            0.0,
            1.0,
            0.0,
            0.29806006939108676,
            0.08013387692879205,
            0.0,
            1.0
        ],
        [
            0.9951572945976405,
            -0.09829526442868425,
            0.0,
            0.0,
            0.09829526442868425,
            0.9951572945976405,
            0.0,
            0.0,
            0.0,
            0.0,
            1.0,
            0.0,
            0.2980522927551003,
            0.08012309844945975,
            0.0,
            1.0
        ],
        [
            0.9951563031722,
            -0.09830530126417425,
            0.0,
            0.0,
            0.09830530126417425,
            0.9951563031722,
            0.0,
            0.0,
            0.0,
            0.0,
            1.0,
            0.0,
            0.29804678433317855,
            0.08011546379504098,
            0.0,
            1.0
        ]
    ],
    "140373545737232": [
        [
            0.9999999999999999,
            0.0,
            0.0,
            0.0,
            0.0,
            0.9999999999999999,
            0.0,
            0.0,
            0.0,
            0.0,
            1.0,
            0.0,
            0.5839231012048832,
            0.5094592710667722,
            0.0,
            1.0
        ],
        [
            0.9996094309891608,
            -0.027946117396273784,
            0.0,
            0.0,
            0.027946117396273784,
            0.9996094309891608,
            0.0,
            0.0,
            0.0,
            0.0,
            1.0,
            0.0,
            0.5011147939068338,
            0.39003739544758,
            0.0,
            1.0
        ],
        [
            0.9992454008466625,
            -0.03884107216327637,
            0.0,
            0.0,
            0.03884107216327637,
            0.9992454008466625,
            0.0,
            0.0,
            0.0,
            0.0,
            1.0,
            0.0,
            0.44245814508775905,
            0.3054457989838968,
            0.0,
            1.0
        ],
        [
            0.9990105591219567,
            -0.04447361872880845,
            0.0,
            0.0,
            0.04447361872880845,
            0.9990105591219567,
            0.0,
            0.0,
            0.0,
            0.0,
            1.0,
            0.0,
            0.40090915063365884,
            0.2455259800159117,
            0.0,
            1.0
        ],
        [
            0.998798071207607,
            -0.049014415756631124,
            0.0,
            0.0,
            0.049014415756631124,
            0.998798071207607,
            0.0,
            0.0,
            0.0,
            0.0,
            1.0,
            0.0,
            0.3714782351508702,
            0.2030822298844348,
            0.0,
            1.0
        ],
        [
            0.9985301588008172,
            -0.05419891110728092,
            0.0,
            0.0,
            0.05419891110728092,
            0.9985301588008172,
            0.0,
            0.0,
            0.0,
            0.0,
            1.0,
            0.0,
            0.3506310660658598,
            0.17301751760082956,
            0.0,
            1.0
        ],
        [
            0.9981785315120215,
            -0.06032925682042001,
            0.0,
            0.0,
            0.06032925682042001,
            0.9981785315120215,
            0.0,
            0.0,
            0.0,
            0.0,
            1.0,
            0.0,
            0.335864132251646,
            0.15172140713387636,
            0.0,
            1.0
        ],
        [
            0.9977577555777251,
            -0.06692877695357069,
            0.0,
            0.0,
            0.06692877695357069,
            0.9977577555777251,
            0.0,
            0.0,
            0.0,
            0.0,
            1.0,
            0.0,
            0.32540408651750974,
            0.1366364677932907,
            0.0,
            1.0
        ],
        [
            0.9973080144423143,
            -0.07332615037712165,
            0.0,
            0.0,
            0.07332615037712165,
            0.9973080144423143,
            0.0,
            0.0,
            0.0,
            0.0,
            1.0,
            0.0,
            0.3179947931450111,
            0.12595116524401626,
            0.0,
            1.0
        ],
        [
            0.996873414870012,
            -0.07901515503623913,
            0.0,
            0.0,
            0.07901515503623913,
            0.996873414870012,
            0.0,
            0.0,
            0.0,
            0.0,
            1.0,
            0.0,
            0.31274647588721727,
            0.118382309684989,
            0.0,
            1.0
        ],
        [
            0.996486277557576,
            -0.08375618567870119,
            0.0,
            0.0,
            0.08375618567870119,
            0.996486277557576,
            0.0,
            0.0,
            0.0,
            0.0,
            1.0,
            0.0,
            0.3090288698724162,
            0.11302096921442652,
            0.0,
            1.0
        ],
        [
            0.9961623069037893,
            -0.08752518668429632,
            0.0,
            0.0,
            0.08752518668429632,
            0.9961623069037893,
            0.0,
            0.0,
            0.0,
            0.0,
            1.0,
            0.0,
            0.3063955315293672,
            0.10922330500531184,
            0.0,
            1.0
        ],
        [
            0.9959035281880593,
            -0.09042213524671794,
            0.0,
            0.0,
            0.09042213524671794,
            0.9959035281880593,
            0.0,
            0.0,
            0.0,
            0.0,
            1.0,
            0.0,
            0.30453022409300445,
            0.10653325721900636,
            0.0,
            1.0
        ],
        [
            0.9957037453379287,
            -0.0925961744351309,
            0.0,
            0.0,
            0.0925961744351309,
            0.9957037453379287,
            0.0,
            0.0,
            0.0,
            0.0,
            1.0,
            0.0,
            0.3032089487336911,
            0.10462778319396986,
            0.0,
            1.0
        ],
        [
            0.9955532620590597,
            -0.09420033122853266,
            0.0,
            0.0,
            0.09420033122853266,
            0.9955532620590597,
            0.0,
            0.0,
            0.0,
            0.0,
            1.0,
            0.0,
            0.30227303387029386,
            0.10327805518601395,
            0.0,
            1.0
        ],
        [
            0.9954419009832144,
            -0.09536992066120331,
            0.0,
            0.0,
            0.09536992066120331,
            0.9954419009832144,
            0.0,
            0.0,
            0.0,
            0.0,
            1.0,
            0.0,
            0.30161008584972415,
            0.10232198549480945,
            0.0,
            1.0
        ],
        [
            0.9953605271957011,
            -0.09621549199944884,
            0.0,
            0.0,
            0.09621549199944884,
            0.9953605271957011,
            0.0,
            0.0,
            0.0,
            0.0,
            1.0,
            0.0,
            0.3011404917935908,
            0.10164476074948864,
            0.0,
            1.0
        ],
        [
            0.9953015996269496,
            -0.09682316757902082,
            0.0,
            0.0,
            0.09682316757902082,
            0.9953015996269496,
            0.0,
            0.0,
            0.0,
            0.0,
            1.0,
            0.0,
            0.30080785765675244,
            0.10116505323600701,
            0.0,
            1.0
        ],
        [
            0.9952591993164552,
            -0.09725803913285741,
            0.0,
            0.0,
            0.09725803913285741,
            0.9952591993164552,
            0.0,
            0.0,
            0.0,
            0.0,
            1.0,
            0.0,
            0.30057223966225466,
            0.10082525645599145,
            0.0,
            1.0
        ],
        [
            0.995228829753352,
            -0.09756831672102079,
            0.0,
            0.0,
            0.09756831672102079,
            0.995228829753352,
            0.0,
            0.0,
            0.0,
            0.0,
            1.0,
            0.0,
            0.30040534126077234,
            0.10058456383810256,
            0.0,
            1.0
        ],
        [
            0.9952071475114566,
            -0.097789230194895,
            0.0,
            0.0,
            0.097789230194895,
            0.9952071475114566,
            0.0,
            0.0,
            0.0,
            0.0,
            1.0,
            0.0,
            0.3002871204082875,
            0.10041407130966701,
            0.0,
            1.0
        ],
        [
            0.9951917030721571,
            -0.09794628189134713,
            0.0,
            0.0,
            0.09794628189134713,
            0.9951917030721571,
            0.0,
            0.0,
            0.0,
            0.0,
            1.0,
            0.0,
            0.30020337940703007,
            0.10029330411048869,
            0.0,
            1.0
        ],
        [
            0.9951807197292785,
            -0.09805781498236305,
            0.0,
            0.0,
            0.09805781498236305,
            0.9951807197292785,
            0.0,
            0.0,
            0.0,
            0.0,
            1.0,
            0.0,
            0.3001440618771196,
            0.10020775930784866,
            0.0,
            1.0
        ],
        [
            0.9951729180506204,
            -0.09813696132759075,
            0.0,
            0.0,
            0.09813696132759075,
            0.9951729180506204,
            0.0,
            0.0,
            0.0,
            0.0,
            1.0,
            0.0,
            0.3001020459343845,
            0.10014716578755131,
            0.0,
            1.0
        ],
        [
            0.9951673807715202,
            -0.09819309674489418,
            0.0,
            0.0,
            0.09819309674489418,
            0.9951673807715202,
            0.0,
            0.0,
            0.0,
            0.0,
            1.0,
            0.0,
            0.30007228403550057,
            0.10010424454260547,
            0.0,
            1.0
        ],
        [
            0.9951634529052737,
            -0.09823289673858204,
            0.0,
            0.0,
            0.09823289673858204,
            0.9951634529052737,
            0.0,
            0.0,
            0.0,
            0.0,
            1.0,
            0.0,
            0.30005120203317437,
            0.10007384109442018,
            0.0,
            1.0
        ],
        [
            0.995160667863221,
            -0.09826110694485402,
            0.0,
            0.0,
            0.09826110694485402,
            0.995160667863221,
            0.0,
            0.0,
            0.0,
            0.0,
            1.0,
            0.0,
            0.3000362688003305,
            0.10005230510287866,
            0.0,
            1.0
        ],
        [
            0.9951586937752754,
            -0.09828109789520695,
            0.0,
            0.0,
            0.09828109789520695,
            0.9951586937752754,
            0.0,
            0.0,
            0.0,
            0.0,
            1.0,
            0.0,
            0.3000256913489909,
            0.10003705080429756,
            0.0,
            1.0
        ],
        [
            0.9951572945976405,
            -0.09829526442868425,
            0.0,
            0.0,
            0.09829526442868425,
            0.9951572945976405,
            0.0,
            0.0,
            0.0,
            0.0,
            1.0,
            0.0,
            0.300018198043674,
            0.10002624434141257,
            0.0,
            1.0
        ],
        [
            0.9951563031722,
            -0.09830530126417425,
            0.0,
            0.0,
            0.09830530126417425,
            0.9951563031722,
            0.0,
            0.0,
            0.0,
            0.0,
            1.0,
            0.0,
            0.300012890358462,
            0.10001858985848497,
            0.0,
            1.0
        ]
    ],
    "140373639052368": [
        [
            0.9999999999999999,
            0.0,
            0.0,
            0.0,
            0.0,
            0.9999999999999999,
            0.0,
            0.0,
            0.0,
            0.0,
            1.0,
            0.0,
            0.5839231012048832,
            0.48945927106677223,
            0.0,
            1.0
        ],
        [
            0.9996094309891608,
            -0.027946117396273784,
            0.0,
            0.0,
            0.027946117396273784,
            0.9996094309891608,
            0.0,
            0.0,
            0.0,
            0.0,
            1.0,
            0.0,
            0.5005558715589082,
            0.37004520682779674,
            0.0,
            1.0
        ],
        [
            0.9992454008466625,
            -0.03884107216327637,
            0.0,
            0.0,
            0.03884107216327637,
            0.9992454008466625,
            0.0,
            0.0,
            0.0,
            0.0,
            1.0,
            0.0,
            0.44168132364449353,
            0.2854608909669636,
            0.0,
            1.0
        ],
        [
            0.9990105591219567,
            -0.04447361872880845,
            0.0,
            0.0,
            0.04447361872880845,
            0.9990105591219567,
            0.0,
            0.0,
            0.0,
            0.0,
            1.0,
            0.0,
            0.4000196782590827,
            0.22554576883347255,
            0.0,
            1.0
        ],
        [
            0.998798071207607,
            -0.049014415756631124,
            0.0,
            0.0,
            0.049014415756631124,
            0.998798071207607,
            0.0,
            0.0,
            0.0,
            0.0,
            1.0,
            0.0,
            0.37049794683573756,
            0.18310626846028266,
            0.0,
            1.0
        ],
        [
            0.9985301588008172,
            -0.05419891110728092,
            0.0,
            0.0,
            0.05419891110728092,
            0.9985301588008172,
            0.0,
            0.0,
            0.0,
            0.0,
            1.0,
            0.0,
            0.3495470878437142,
            0.15304691442481322,
            0.0,
            1.0
        ],
        [
            0.9981785315120215,
            -0.06032925682042001,
            0.0,
            0.0,
            0.06032925682042001,
            0.9981785315120215,
            0.0,
            0.0,
            0.0,
            0.0,
            1.0,
            0.0,
            0.33465754711523765,
            0.13175783650363593,
            0.0,
            1.0
        ],
        [
            0.9977577555777251,
            -0.06692877695357069,
            0.0,
            0.0,
            0.06692877695357069,
            0.9977577555777251,
            0.0,
            0.0,
            0.0,
            0.0,
            1.0,
            0.0,
            0.3240655109784384,
            0.11668131268173618,
            0.0,
            1.0
        ],
        [
            0.9973080144423143,
            -0.07332615037712165,
            0.0,
            0.0,
            0.07332615037712165,
            0.9973080144423143,
            0.0,
            0.0,
            0.0,
            0.0,
            1.0,
            0.0,
            0.31652827013746865,
            0.10600500495516996,
            0.0,
            1.0
        ],
        [
            0.996873414870012,
            -0.07901515503623913,
            0.0,
            0.0,
            0.07901515503623913,
            0.996873414870012,
            0.0,
            0.0,
            0.0,
            0.0,
            1.0,
            0.0,
            0.31116617278649245,
            0.09844484138758876,
            0.0,
            1.0
        ],
        [
            0.996486277557576,
            -0.08375618567870119,
            0.0,
            0.0,
            0.08375618567870119,
            0.996486277557576,
            0.0,
            0.0,
            0.0,
            0.0,
            1.0,
            0.0,
            0.30735374615884214,
            0.093091243663275,
            0.0,
            1.0
        ],
        [
            0.9961623069037893,
            -0.08752518668429632,
            0.0,
            0.0,
            0.08752518668429632,
            0.9961623069037893,
            0.0,
            0.0,
            0.0,
            0.0,
            1.0,
            0.0,
            0.30464502779568126,
            0.08930005886723606,
            0.0,
            1.0
        ],
        [
            0.9959035281880593,
            -0.09042213524671794,
            0.0,
            0.0,
            0.09042213524671794,
            0.9959035281880593,
            0.0,
            0.0,
            0.0,
            0.0,
            1.0,
            0.0,
            0.30272178138807015,
            0.08661518665524519,
            0.0,
            1.0
        ],
        [
            0.9957037453379287,
            -0.0925961744351309,
            0.0,
            0.0,
            0.0925961744351309,
            0.9957037453379287,
            0.0,
